r0	M_star	flux_peb	M_em_fact	M_init	M_trans	t_trans	t_moon	t_e3
0.5	1.0	200	2.0	4.7736705e-05	3.432821685000682e-05	0.0	3136.638704882785	98.49210961089273
0.5	1.0	200	1.0	2.3868353e-05	3.432821685000682e-05	4.513786326647116	3238.979877823987	133.2411693527968
0.5	1.0	200	0.5	1.1934176e-05	3.432821685000682e-05	21.824937684579435	3391.2227001697656	197.03444422005566
0.5	1.0	200	0.1	2.3868353e-06	3.432821685000682e-05	183.10779489543063	4016.233890129915	542.4885742294414
0.5	1.0	100	2.0	4.7736705e-05	3.432821685000682e-05	0.0	5847.052242263316	99.58077524444619
0.5	1.0	100	1.0	2.3868353e-05	3.432821685000682e-05	4.5261890725929845	5979.641192610171	135.17948183748683
0.5	1.0	100	0.5	1.1934176e-05	3.432821685000682e-05	21.943679193140635	6159.441692458332	200.79561547754884
0.5	1.0	100	0.1	2.3868353e-06	3.432821685000682e-05	185.67396669143218	6864.4442619819865	560.4149032702112
0.5	1.0	50	2.0	4.7736705e-05	3.432821685000682e-05	0.0	11150.703283995386	100.13815565894278
0.5	1.0	50	1.0	2.3868353e-05	3.432821685000682e-05	4.532421184374182	11324.658908042687	136.17797862422177
0.5	1.0	50	0.5	1.1934176e-05	3.432821685000682e-05	22.0037118748805	11526.22330709227	202.75184739236246
0.5	1.0	50	0.1	2.3868353e-06	3.432821685000682e-05	186.99919291539655	12262.273994092338	570.0442561290116
0.5	1.0	20	2.0	4.7736705e-05	3.432821685000682e-05	0.0	27095.641069271165	100.4760362500075
0.5	1.0	20	1.0	2.3868353e-05	3.432821685000682e-05	4.536170287639718	27393.639505951505	136.78679776238923
0.5	1.0	20	0.5	1.1934176e-05	3.432821685000682e-05	22.03949193573406	27657.171848829395	203.95156870421118
0.5	1.0	20	0.1	2.3868353e-06	3.432821685000682e-05	187.80846040503863	28449.027742682054	576.0571373110964
0.5	0.7	200	2.0	3.6833566e-05	5.1603844319524364e-05	7.525705966945766	4649.360098520001	188.191032839521
0.5	0.7	200	1.0	1.8416783e-05	5.1603844319524364e-05	32.048855220713754	4845.688506427222	262.6075566549648
0.5	0.7	200	0.5	9.2083914e-06	5.1603844319524364e-05	82.42610851676466	5129.749786699841	393.26688681796475
0.5	0.7	200	0.1	1.8416783e-06	5.1603844319524364e-05	451.94527819487666	6148.163028514508	1054.5465894650722
0.5	0.7	100	2.0	3.6833566e-05	5.1603844319524364e-05	7.56106243800216	8549.644417966194	192.46768337222252
0.5	0.7	100	1.0	1.8416783e-05	5.1603844319524364e-05	32.27857539854239	8806.789947746744	270.2787947075873
0.5	0.7	100	0.5	9.2083914e-06	5.1603844319524364e-05	83.34593642183046	9162.438551295538	408.01658068018
0.5	0.7	100	0.1	1.8416783e-06	5.1603844319524364e-05	461.26930826506367	10367.980872989498	1114.4118857755666
0.5	0.7	50	2.0	3.6833566e-05	5.1603844319524364e-05	7.578887045090341	15983.659769185051	194.71770272472068
0.5	0.7	50	1.0	1.8416783e-05	5.1603844319524364e-05	32.39535566853723	16303.44337475955	274.3671898857406
0.5	0.7	50	0.5	9.2083914e-06	5.1603844319524364e-05	83.81698667286328	16716.86467420108	416.03864544459117
0.5	0.7	50	0.1	1.8416783e-06	5.1603844319524364e-05	466.1701869503082	18056.2976720858	1148.931445551615
0.5	0.7	20	2.0	3.6833566e-05	5.1603844319524364e-05	7.589629083883048	37987.74097917535	196.1060738361551
0.5	0.7	20	1.0	1.8416783e-05	5.1603844319524364e-05	32.46604769359365	38435.17270571452	276.9092230441291
0.5	0.7	20	0.5	9.2083914e-06	5.1603844319524364e-05	84.10326212067433	38929.86505209404	421.08686986888335
0.5	0.7	20	0.1	1.8416783e-06	5.1603844319524364e-05	469.1929635284817	40397.919911338824	1171.47218096043
0.5	0.5	200	2.0	2.8836177e-05	7.58028484944263e-05	47.54378379416122	6342.643580403054	369.6421033721189
0.5	0.5	200	1.0	1.4418089e-05	7.58028484944263e-05	109.11279271020449	6675.034523768875	531.5364410241652
0.5	0.5	200	0.5	7.2090443e-06	7.58028484944263e-05	232.17527821587856	7124.7338495063295	803.2228355565086
0.5	0.5	200	0.1	1.4418089e-06	7.58028484944263e-05	984.4788250008007	8578.6970789445	1990.4306641504886
0.5	0.5	100	2.0	2.8836177e-05	7.58028484944263e-05	47.999649636649565	11573.349229836627	388.0878421644957
0.5	0.5	100	1.0	1.4418089e-05	7.58028484944263e-05	110.68116482079985	12025.56017975814	565.3262843776411
0.5	0.5	100	0.5	7.2090443e-06	7.58028484944263e-05	236.72452843858994	12612.1022184718	868.1951927033838
0.5	0.5	100	0.1	1.4418089e-06	7.58028484944263e-05	1012.8807324838502	14357.75277770127	2196.9601148321726
0.5	0.5	50	2.0	2.8836177e-05	7.58028484944263e-05	48.23021297178648	21272.516875615787	398.4570905092183
0.5	0.5	50	1.0	1.4418089e-05	7.58028484944263e-05	111.48952792192225	21852.51336095526	585.0550871465209
0.5	0.5	50	0.5	7.2090443e-06	7.58028484944263e-05	239.10175379219837	22573.171558044407	908.2037157174798
0.5	0.5	50	0.1	1.4418089e-06	7.58028484944263e-05	1028.2690955100234	24586.527013101273	2339.3575761295388
0.5	0.5	20	2.0	2.8836177e-05	7.58028484944263e-05	48.37008223498952	49086.655352038855	405.11603314338225
0.5	0.5	20	1.0	1.4418089e-05	7.58028484944263e-05	111.98334273812424	49852.94493291755	598.0412731798873
0.5	0.5	20	0.5	7.2090443e-06	7.58028484944263e-05	240.56289863641112	50732.36506485724	935.5522311408201
0.5	0.5	20	0.1	1.4418089e-06	7.58028484944263e-05	1037.931357707688	53022.35569426723	2446.161071440419
0.5	0.3	200	2.0	1.9879528e-05	0.00013590234602698409	289.1267851565225	9311.66654446193	1243.013087946661
0.5	0.3	200	1.0	9.939764e-06	0.00013590234602698409	553.2069032346105	9940.940268101638	1799.8756136827762
0.5	0.3	200	0.5	4.969882e-06	0.00013590234602698409	989.6330846328481	10699.444462086973	2523.6163536147455
0.5	0.3	200	0.1	9.939764e-07	0.00013590234602698409	3044.3779425535977	13258.913136777323	5062.515885538119
0.5	0.3	100	2.0	1.9879528e-05	0.00013590234602698409	298.33942150323384	16971.971995302403	1536.9682977652726
0.5	0.3	100	1.0	9.939764e-06	0.00013590234602698409	575.8187803200815	17833.57035264843	2288.843644926237
0.5	0.3	100	0.5	4.969882e-06	0.00013590234602698409	1037.6978929128045	18807.640915476677	3223.272050360137
0.5	0.3	100	0.1	9.939764e-07	0.00013590234602698409	3208.0278670852085	21786.53155833016	6198.4200655069835
0.5	0.3	50	2.0	1.9879528e-05	0.00013590234602698409	303.28979284841455	30881.48692988796	1813.3140193123313
0.5	0.3	50	1.0	9.939764e-06	0.00013590234602698409	588.3349210064526	32029.564726916386	2789.0190359095805
0.5	0.3	50	0.5	4.969882e-06	0.00013590234602698409	1065.1868912103728	33255.15611621518	3964.4547758496224
0.5	0.3	50	0.1	9.939764e-07	0.00013590234602698409	3307.971207515645	36681.352942486345	7409.33581691648
0.5	0.3	20	2.0	1.9879528e-05	0.00013590234602698409	306.382312027685	68720.41322747384	2095.0521815718403
0.5	0.3	20	1.0	9.939764e-06	0.00013590234602698409	596.2961672699422	70299.9361489534	3350.586726205821
0.5	0.3	20	0.5	4.969882e-06	0.00013590234602698409	1083.0410972961224	71879.7390886964	4837.309495880109
0.5	0.3	20	0.1	9.939764e-07	0.00013590234602698409	3375.956242650233	75878.96187600729	8876.731862227294
0.5	0.1	200	2.0	8.9214141e-06	0.00047698902642948483	10731.899133084544	21995.815018922836	12763.81719265443
0.5	0.1	200	1.0	4.4607071e-06	0.00047698902642948483	14160.620751856444	25428.693353315142	16197.344904352009
0.5	0.1	200	0.5	2.2303535e-06	0.00047698902642948483	18088.533627769637	29358.901734349944	20128.067423044482
0.5	0.1	200	0.1	4.4607071e-07	0.00047698902642948483	32154.145517977893	43427.87156313266	34198.11243245712
0.5	0.1	100	2.0	8.9214141e-06	0.00047698902642948483	15224.38197871584	37291.64051090775	19124.182891354285
0.5	0.1	100	1.0	4.4607071e-06	0.00047698902642948483	19243.819520015943	41317.49600885052	23151.940811385124
0.5	0.1	100	0.5	2.2303535e-06	0.00047698902642948483	23598.63988242237	45675.517191141946	27511.382554221473
0.5	0.1	100	0.1	4.4607071e-07	0.00047698902642948483	38544.00142016944	60625.26743263296	42464.04439700188
0.5	0.1	50	2.0	8.9214141e-06	0.00047698902642948483	21403.28769268811	64323.19942685837	28741.13807411275
0.5	0.1	50	1.0	4.4607071e-06	0.00047698902642948483	26094.64463047572	69027.72169221568	33449.41046954899
0.5	0.1	50	0.5	2.2303535e-06	0.00047698902642948483	30896.861080354156	73835.79106390846	38260.259425464836
0.5	0.1	50	0.1	4.4607071e-07	0.00047698902642948483	46714.82323210806	89662.79589791737	54093.03062345604
0.5	0.1	20	2.0	8.9214141e-06	0.00047698902642948483	32342.66559794507	134400.99238991606	48530.55874096268
0.5	0.1	20	1.0	4.4607071e-06	0.00047698902642948483	38029.78984444361	140133.74268433385	54267.51658111688
0.5	0.1	20	0.5	2.2303535e-06	0.00047698902642948483	43428.969790518684	145342.6367047895	59638.91959149047
0.5	0.1	20	0.1	4.4607071e-07	0.00047698902642948483	60391.75660497621	162339.2103622753	76643.20730269529
1.0	1.0	200	2.0	0.00016001203	0.00011264259996303087	0.0	3142.0087878870004	296.8352524601671
1.0	1.0	200	1.0	8.0006016e-05	0.00011264259996303087	23.594919516659626	4158.747196021333	593.215875123934
1.0	1.0	200	0.5	4.0003008e-05	0.00011264259996303087	167.67417152429684	5285.081689374647	1101.915001713992
1.0	1.0	200	0.1	8.0006016e-06	0.00011264259996303087	1679.9716893760171	8715.126544922598	3586.2596340579944
1.0	1.0	100	2.0	0.00016001203	0.00011264259996303087	0.0	4316.891142373471	308.79272560722654
1.0	1.0	100	1.0	8.0006016e-05	0.00011264259996303087	23.82802242335945	5776.053848967444	631.1535002238406
1.0	1.0	100	0.5	4.0003008e-05	0.00011264259996303087	172.33563502967326	7321.35185825502	1201.267071535983
1.0	1.0	100	0.1	8.0006016e-06	0.00011264259996303087	1801.1472770046767	11688.112316525214	4069.101854796826
1.0	1.0	50	2.0	0.00016001203	0.00011264259996303087	0.0	5558.043934648791	315.2702983177619
1.0	1.0	50	1.0	8.0006016e-05	0.00011264259996303087	23.946632393194786	7517.111853730612	652.6710157316363
1.0	1.0	50	0.5	4.0003008e-05	0.00011264259996303087	174.79687827560392	9517.416792131171	1260.582748129525
1.0	1.0	50	0.1	8.0006016e-06	0.00011264259996303087	1871.8417727376761	14797.593391355551	4388.401635261076
1.0	1.0	20	2.0	0.00016001203	0.00011264259996303087	0.0	6986.475653707546	319.33311002837746
1.0	1.0	20	1.0	8.0006016e-05	0.00011264259996303087	24.018466798097812	9583.721471039322	666.554719796007
1.0	1.0	20	0.5	4.0003008e-05	0.00011264259996303087	176.3185829897219	12151.368021338896	1300.1369900056206
1.0	1.0	20	0.1	8.0006016e-06	0.00011264259996303087	1918.2952885326674	18471.32169797911	4617.488736244656
1.0	0.7	200	2.0	0.00012354774	0.00016932983200487896	36.37482962610907	6481.980965793646	649.3905558242852
1.0	0.7	200	1.0	6.1773872e-05	0.00016932983200487896	217.40735707203334	7747.137497719728	1230.9109622373674
1.0	0.7	200	0.5	3.0886936e-05	0.00016932983200487896	674.8791363725904	9155.378705389814	2144.6351215939503
1.0	0.7	200	0.1	6.1773872e-06	0.00016932983200487896	3918.350268040216	14053.309174453989	6367.535375183679
1.0	0.7	100	2.0	0.00012354774	0.00016932983200487896	36.900566638418034	10188.99197244001	703.1423149960018
1.0	0.7	100	1.0	6.1773872e-05	0.00016932983200487896	224.8814524204123	12048.408063534074	1378.6481890928344
1.0	0.7	100	0.5	3.0886936e-05	0.00016932983200487896	714.8400575544528	13995.761948303896	2467.465173833904
1.0	0.7	100	0.1	6.1773872e-06	0.00016932983200487896	4300.581057556356	20152.784126783456	7475.8783847270415
1.0	0.7	50	2.0	0.00012354774	0.00016932983200487896	37.170023075740524	15210.110387553075	734.9842798522074
1.0	0.7	50	1.0	6.1773872e-05	0.00016932983200487896	228.88113987827447	17819.92735588988	1473.1711687584043
1.0	0.7	50	0.5	3.0886936e-05	0.00016932983200487896	737.3765882425021	20401.705066500017	2688.709229474146
1.0	0.7	50	0.1	6.1773872e-06	0.00016932983200487896	4541.31698635222	27854.307903999954	8309.48589635319
1.0	0.7	20	2.0	0.00012354774	0.00016932983200487896	37.33387421687462	23445.102925690586	756.1133585275221
1.0	0.7	20	1.0	6.1773872e-05	0.00016932983200487896	231.3731503497535	27228.491319852583	1539.3659368605627
1.0	0.7	20	0.5	3.0886936e-05	0.00016932983200487896	751.8693636956474	30733.784336612447	2852.197206627777
1.0	0.7	20	0.1	6.1773872e-06	0.00016932983200487896	4708.186213289164	39830.68780228308	8978.887404923249
1.0	0.5	200	2.0	9.677803e-05	0.0002487350268242733	282.24597025896617	9942.259321459056	1367.0931030016084
1.0	0.5	200	1.0	4.8389015e-05	0.0002487350268242733	836.6268723730517	11484.719299904566	2427.3599193473065
1.0	0.5	200	0.5	2.4194508e-05	0.0002487350268242733	1922.7362678109437	13334.554755858202	3973.424590713316
1.0	0.5	200	0.1	4.8389015e-06	0.0002487350268242733	8135.156258155703	20722.46032268791	10979.050445160596
1.0	0.5	100	2.0	9.677803e-05	0.0002487350268242733	294.8206714619964	16676.36364692544	1587.6783840343296
1.0	0.5	100	1.0	4.8389015e-05	0.0002487350268242733	901.1612815112841	18919.96939468201	2928.1640286994257
1.0	0.5	100	0.5	2.4194508e-05	0.0002487350268242733	2124.163703152725	21424.46120631316	4877.818231768776
1.0	0.5	100	0.1	4.8389015e-06	0.0002487350268242733	9131.668572481718	30422.1137691446	13221.37713271128
1.0	0.5	50	2.0	9.677803e-05	0.0002487350268242733	301.696857711456	26966.352730581013	1743.2391879980917
1.0	0.5	50	1.0	4.8389015e-05	0.0002487350268242733	939.0505863308382	30124.59939614849	3320.469563835114
1.0	0.5	50	0.5	2.4194508e-05	0.0002487350268242733	2250.785349170568	33412.180952034105	5633.849019792777
1.0	0.5	50	0.1	4.8389015e-06	0.0002487350268242733	9827.921842928155	44088.53314358272	15176.913284116508
1.0	0.5	20	2.0	9.677803e-05	0.0002487350268242733	306.0355594443914	47367.51560654764	1860.9477591404038
1.0	0.5	20	1.0	4.8389015e-05	0.0002487350268242733	964.0543829935565	52058.116312019316	3647.4911543443695
1.0	0.5	20	0.5	2.4194508e-05	0.0002487350268242733	2338.4017066037923	56543.41880445018	6308.069499404095
1.0	0.5	20	0.1	4.8389015e-06	0.0002487350268242733	10352.891671939973	69438.44163295667	17025.351954260346
1.0	0.3	200	2.0	6.6768339e-05	0.000445941997641276	2215.3023706822382	15602.079145705495	4121.620871399911
1.0	0.3	200	1.0	3.338417e-05	0.000445941997641276	4374.13839637394	18250.16966895492	6610.438454835996
1.0	0.3	200	0.5	1.6692085e-05	0.000445941997641276	7615.665613149145	21779.798674691985	10053.475454469057
1.0	0.3	200	0.1	3.338417e-06	0.000445941997641276	23173.950715816536	37715.34152832506	25876.09784612369
1.0	0.3	100	2.0	6.6768339e-05	0.000445941997641276	2629.9532369557846	27242.2433324539	5618.85463569931
1.0	0.3	100	1.0	3.338417e-05	0.000445941997641276	5340.918842758211	30899.768813870713	9000.991240122274
1.0	0.3	100	0.5	1.6692085e-05	0.000445941997641276	9292.152979335382	35390.19059768586	13350.723882692228
1.0	0.3	100	0.1	3.338417e-06	0.000445941997641276	26932.75023955689	53711.62325503443	31497.97112116041
1.0	0.3	50	2.0	6.6768339e-05	0.000445941997641276	2944.4215637359544	46754.31868812371	7262.7300032723015
1.0	0.3	50	1.0	3.338417e-05	0.000445941997641276	6155.433506161767	51702.47818762551	11689.988162265403
1.0	0.3	50	0.5	1.6692085e-05	0.000445941997641276	10769.977679957961	57308.06991138698	17032.9091476985
1.0	0.3	50	0.1	3.338417e-06	0.000445941997641276	30295.877767977996	78083.9036689066	37490.63292385339
1.0	0.3	20	2.0	6.6768339e-05	0.000445941997641276	3198.6984279763606	91917.93303308962	9289.805837627297
1.0	0.3	20	1.0	3.338417e-05	0.000445941997641276	6889.430901201813	99047.49107620268	15150.376830308289
1.0	0.3	20	0.5	1.6692085e-05	0.000445941997641276	12177.783517117137	106354.83882248441	21801.028341294765
1.0	0.3	20	0.1	3.338417e-06	0.000445941997641276	33595.95960361926	130116.72392924633	44985.442516973315
1.0	0.1	200	2.0	2.9995962e-05	0.0015651638512310742	50624.906173610354	62358.455652964876	47802.20211162942
1.0	0.1	200	1.0	1.4997981e-05	0.0015651638512310742	72935.5504928716	84672.87353759626	70107.43194549346
1.0	0.1	200	0.5	7.4989905e-06	0.0015651638512310742	99839.94253180262	111579.52919360147	97008.43574169626
1.0	0.1	200	0.1	1.4997981e-06	0.0015651638512310742	207523.71486143835	219266.9518545438	204685.80055424018
1.0	0.1	100	2.0	2.9995962e-05	0.0015651638512310742	74734.12430369762	97882.00013348991	69231.68652535055
1.0	0.1	100	1.0	1.4997981e-05	0.0015651638512310742	100746.88823731801	123901.50795780207	95233.92010633326
1.0	0.1	100	0.5	7.4989905e-06	0.0015651638512310742	130454.35184254423	153612.69624834077	124934.91789650088
1.0	0.1	100	0.1	1.4997981e-06	0.0015651638512310742	245309.6188252794	268473.2266229351	239778.295678243
1.0	0.1	50	2.0	2.9995962e-05	0.0015651638512310742	110104.16369853228	155524.22123039808	99502.0860537344
1.0	0.1	50	1.0	1.4997981e-05	0.0015651638512310742	140127.12749865087	185561.39974116313	129502.17774268283
1.0	0.1	50	0.5	7.4989905e-06	0.0015651638512310742	172648.6476369722	218090.6233785073	162010.22417293835
1.0	0.1	50	0.1	1.4997981e-06	0.0015651638512310742	294127.5255048774	339580.27580205514	283464.68926203175
1.0	0.1	20	2.0	2.9995962e-05	0.0015651638512310742	181626.66480824954	291126.52707178873	157060.8561412474
1.0	0.1	20	1.0	1.4997981e-05	0.0015651638512310742	217444.13693469178	326992.09131341206	192808.8656778546
1.0	0.1	20	0.5	7.4989905e-06	0.0015651638512310742	253735.47528531915	363309.9659300337	229060.9109155266
1.0	0.1	20	0.1	1.4997981e-06	0.0015651638512310742	383623.4940750792	493240.97652380756	358873.8946607151
5.0	1.0	200	2.0	0.002538352	0.0017780212995776843	0.0	12633.041687655137	0.0
5.0	1.0	200	1.0	0.001269176	0.0017780212995776843	1704.7233668322685	22522.236826697823	0.0
5.0	1.0	200	0.5	0.000634588	0.0017780212995776843	11335.318426989475	35210.982783757645	3712.090112271872
5.0	1.0	200	0.1	0.0001269176	0.0017780212995776843	77740.31529656125	104909.63701577448	66907.45824798445
5.0	1.0	100	2.0	0.002538352	0.0017780212995776843	0.0	20204.191459425398	0.0
5.0	1.0	100	1.0	0.001269176	0.0017780212995776843	2136.2599202879856	37364.444327223166	0.0
5.0	1.0	100	0.5	0.000634588	0.0017780212995776843	16893.067096873147	59112.847439001445	4850.689442026164
5.0	1.0	100	0.1	0.0001269176	0.0017780212995776843	120885.43233925785	170997.09225716194	101210.3622333365
5.0	1.0	50	2.0	0.002538352	0.0017780212995776843	0.0	30317.132937921167	0.0
5.0	1.0	50	1.0	0.001269176	0.0017780212995776843	2476.850315050621	58480.884242556735	0.0
5.0	1.0	50	0.5	0.000634588	0.0017780212995776843	23222.052239756962	93953.16060033835	5830.477150264233
5.0	1.0	50	0.1	0.0001269176	0.0017780212995776843	177859.57667069507	266808.9358093984	143860.14504087064
5.0	1.0	20	2.0	0.002538352	0.0017780212995776843	0.0	45983.86691096262	0.0
5.0	1.0	20	1.0	0.001269176	0.0017780212995776843	2757.9673209608422	94488.09209588754	0.0
5.0	1.0	20	0.5	0.000634588	0.0017780212995776843	31040.73151170762	155922.27480798733	6708.280555326069
5.0	1.0	20	0.1	0.0001269176	0.0017780212995776843	267665.2545412371	441659.0679675361	205105.77951407575
5.0	0.7	200	2.0	0.0019640782	0.00267280805003966	1886.0120726881769	19741.934122432267	0.0
5.0	0.7	200	1.0	0.00098203908	0.00267280805003966	12508.887920071193	33000.569386240975	50.341093578992755
5.0	0.7	200	0.5	0.00049101954	0.00267280805003966	30953.0652711253	52521.66256328094	12144.044622576934
5.0	0.7	200	0.1	9.8203908e-05	0.00267280805003966	177035.77445840798	200308.32896272402	154136.37028551238
5.0	0.7	100	2.0	0.0019640782	0.00267280805003966	2430.8243137113263	33822.0421021511	0.0
5.0	0.7	100	1.0	0.00098203908	0.00267280805003966	19374.853358770022	56913.017324386405	52.459703777014205
5.0	0.7	100	0.5	0.00049101954	0.00267280805003966	49680.45376947406	89726.46055827667	17165.656377099767
5.0	0.7	100	0.1	9.8203908e-05	0.00267280805003966	265491.20477026055	309521.8592586552	222865.34585477618
5.0	0.7	50	2.0	0.0019640782	0.00267280805003966	2890.677956406152	55464.08838680993	0.0
5.0	0.7	50	1.0	0.00098203908	0.00267280805003966	27944.424016717934	94007.26564764288	53.58570700962739
5.0	0.7	50	0.5	0.00049101954	0.00267280805003966	74995.24063188482	146857.79095269044	22319.76833761853
5.0	0.7	50	0.1	9.8203908e-05	0.00267280805003966	382605.3702647606	463710.8625901805	306288.4206626722
5.0	0.7	20	2.0	0.0019640782	0.00267280805003966	3295.5743515519234	97496.67241392714	0.0
5.0	0.7	20	1.0	0.00098203908	0.00267280805003966	40014.172293093136	167550.50887297455	54.28438384750147
5.0	0.7	20	0.5	0.00049101954	0.00267280805003966	115466.38692693715	259440.18247967694	27930.197681020265
5.0	0.7	20	0.1	9.8203908e-05	0.00267280805003966	576735.8047471804	747433.1021751676	426681.0531707317
5.0	0.5	200	2.0	0.0015406498	0.00392618934390481	13380.747668350949	29711.020525702126	0.0
5.0	0.5	200	1.0	0.00077032492	0.00392618934390481	32753.02638015461	49794.03834910233	3315.8689281072297
5.0	0.5	200	0.5	0.00038516246	0.00392618934390481	67159.88865716143	84584.64544170382	32310.416410253474
5.0	0.5	200	0.1	7.7032492e-05	0.00392618934390481	411964.6443106211	430170.1963474482	372560.6740886912
5.0	0.5	100	2.0	0.0015406498	0.00392618934390481	21784.698868152936	52693.8442647899	0.0
5.0	0.5	100	1.0	0.00077032492	0.00392618934390481	54676.77531362756	87147.16936587356	4102.653460610889
5.0	0.5	100	0.5	0.00038516246	0.00392618934390481	110164.17592081067	143469.67768843757	47031.59780604088
5.0	0.5	100	0.1	7.7032492e-05	0.00392618934390481	579079.3839197623	614145.300708342	504469.84057563974
5.0	0.5	50	2.0	0.0015406498	0.00392618934390481	33597.4526866362	90533.27504764372	0.0
5.0	0.5	50	1.0	0.00077032492	0.00392618934390481	86977.89528474871	147438.17345176396	4709.780505008405
5.0	0.5	50	0.5	0.00038516246	0.00392618934390481	172632.3339127269	234992.73573977052	63453.28281383363
5.0	0.5	50	0.1	7.7032492e-05	0.00392618934390481	795200.7879867853	861547.1577702072	658276.6173897196
5.0	0.5	20	2.0	0.0015406498	0.00392618934390481	53657.420054173155	173330.67889440246	0.0
5.0	0.5	20	1.0	0.00077032492	0.00392618934390481	146351.37996774697	276518.37412408873	5203.436656262039
5.0	0.5	20	0.5	0.00038516246	0.00392618934390481	286870.14683873544	422790.0157447468	83471.13388368124
5.0	0.5	20	0.1	7.7032492e-05	0.00392618934390481	1159351.3961903593	1306956.2608137217	875919.4510413442
5.0	0.3	200	2.0	0.0010638069	0.007039027600948817	54018.95960523113	61714.300781240745	0.0
5.0	0.3	200	1.0	0.00053190344	0.007039027600948817	107859.27068831086	115617.47715626597	34984.504196988026
5.0	0.3	200	0.5	0.00026595172	0.007039027600948817	229621.13641806834	237422.79474185954	151996.56074873396
5.0	0.3	200	0.1	5.3190344e-05	0.007039027600948817	1536876.4993704923	1544771.148677103	1455072.553283145
5.0	0.3	100	2.0	0.0010638069	0.007039027600948817	96055.6784005088	111126.7049156013	0.0
5.0	0.3	100	1.0	0.00053190344	0.007039027600948817	183484.8522789406	198672.73015973181	49047.94762083177
5.0	0.3	100	0.5	0.00026595172	0.007039027600948817	360718.44913269754	375989.3056391329	214890.014902924
5.0	0.3	100	0.1	5.3190344e-05	0.007039027600948817	1953180.8391722336	1968670.7067693141	1795708.3336622012
5.0	0.3	50	2.0	0.0010638069	0.007039027600948817	166337.39724477744	195534.63808404517	0.0
5.0	0.3	50	1.0	0.00053190344	0.007039027600948817	302787.22199841274	332232.0101271458	63660.75113868393
5.0	0.3	50	0.5	0.00026595172	0.007039027600948817	552057.0861076671	581678.3680307668	286469.3413912099
5.0	0.3	50	0.1	5.3190344e-05	0.007039027600948817	2460468.1367664025	2490599.315301615	2164169.9420078765
5.0	0.3	20	2.0	0.0010638069	0.007039027600948817	325704.75213131186	393851.18424392375	0.0
5.0	0.3	20	1.0	0.00053190344	0.007039027600948817	557705.9361915411	626633.0555782254	80093.74930869546
5.0	0.3	20	0.5	0.00026595172	0.007039027600948817	929694.6313683855	999178.4341914796	379679.58426446037
5.0	0.3	20	0.1	5.3190344e-05	0.007039027600948817	3308147.8522558804	3379159.5987832127	2659237.3877940592
5.0	0.1	200	2.0	0.00047577015	0.02470552584662665	1304511.2723052509	1274421.1186591496	744369.153536458
5.0	0.1	200	1.0	0.00023788507	0.02470552584662665	3105995.893286287	3075995.4370098016	2531082.76670061
5.0	0.1	200	0.5	0.00011894254	0.02470552584662665	5926077.754053946	5896118.68197071	5344977.345173042
5.0	0.1	200	0.1	2.3788507e-05	0.02470552584662665	19689587.295743264	19659648.894250933	19099037.361958086
5.0	0.1	100	2.0	0.00047577015	0.02470552584662665	2034066.308951566	1974223.6577137462	992531.623307672
5.0	0.1	100	1.0	0.00023788507	0.02470552584662665	4303589.05954132	4243859.725758937	3216727.5424871864
5.0	0.1	100	0.5	0.00011894254	0.02470552584662665	7656670.9976793425	7596986.427543462	6548575.185434929
5.0	0.1	100	0.1	2.3788507e-05	0.02470552584662665	20000000.0	20000000.0	20000000.0
5.0	0.1	50	2.0	0.00047577015	0.02470552584662665	3125496.3709670384	3006817.706331489	1241811.368915435
5.0	0.1	50	1.0	0.00023788507	0.02470552584662665	5912911.458919913	5794340.153468644	3909037.79198582
5.0	0.1	50	0.5	0.00011894254	0.02470552584662665	9787202.164170526	9668658.393694578	7723305.238391807
5.0	0.1	50	0.1	2.3788507e-05	0.02470552584662665	20000000.0	20000000.0	20000000.0
5.0	0.1	20	2.0	0.00047577015	0.02470552584662665	5425834.186708974	5133422.259591574	1516287.6744096165
5.0	0.1	20	1.0	0.00023788507	0.02470552584662665	8976447.520334307	8684005.004697897	4711104.07383832
5.0	0.1	20	0.5	0.00011894254	0.02470552584662665	13534344.990600849	13241819.31027579	9076796.799902659
5.0	0.1	20	0.1	2.3788507e-05	0.02470552584662665	20000000.0	20000000.0	20000000.0
10.0	1.0	200	2.0	0.0079228001	0.005834294943112898	0.0	3575.5930985606183	0.0
10.0	1.0	200	1.0	0.0039614001	0.005834294943112898	8501.333220140777	24190.896611814045	0.0
10.0	1.0	200	0.5	0.0019807	0.005834294943112898	36920.78264547809	54171.90970186549	0.0
10.0	1.0	200	0.1	0.00039614001	0.005834294943112898	246220.9777578195	264718.9244562496	137644.53267711407
10.0	1.0	100	2.0	0.0079228001	0.005834294943112898	0.0	5239.10406724117	0.0
10.0	1.0	100	1.0	0.0039614001	0.005834294943112898	13464.706548261462	42051.796407642665	0.0
10.0	1.0	100	0.5	0.0019807	0.005834294943112898	64174.52437964999	96740.62710873199	0.0
10.0	1.0	100	0.1	0.00039614001	0.005834294943112898	419830.2089412768	455598.65529942734	215656.92064309085
10.0	1.0	50	2.0	0.0079228001	0.005834294943112898	0.0	7078.69923774564	0.0
10.0	1.0	50	1.0	0.0039614001	0.005834294943112898	19869.837806024792	69816.5748988079	0.0
10.0	1.0	50	0.5	0.0019807	0.005834294943112898	106405.05411424377	166246.73293840166	0.0
10.0	1.0	50	0.1	0.00039614001	0.005834294943112898	690788.2514547149	758823.4822898705	317688.8550665106
10.0	1.0	20	2.0	0.0079228001	0.005834294943112898	0.0	9272.95054127743	0.0
10.0	1.0	20	1.0	0.0039614001	0.005834294943112898	29271.53166517518	124129.09390912994	0.0
10.0	1.0	20	0.5	0.0019807	0.005834294943112898	188948.97375661577	314450.4638859783	0.0
10.0	1.0	20	0.1	0.00039614001	0.005834294943112898	1252419.5630846368	1405918.2647943387	474505.3081260575
10.0	0.7	200	2.0	0.0061319876	0.00877039577307746	8844.382884522623	12994.96525459604	0.0
10.0	0.7	200	1.0	0.0030659938	0.00877039577307746	38833.064505406925	43524.80675788166	0.0
10.0	0.7	200	0.5	0.0015329969	0.00877039577307746	89000.96591137984	93849.75908260197	0.0
10.0	0.7	200	0.1	0.00030659938	0.00877039577307746	639019.6448723378	644042.255056865	455735.4302531977
10.0	0.7	100	2.0	0.0061319876	0.00877039577307746	14440.753875944305	22044.02707376608	0.0
10.0	0.7	100	1.0	0.0030659938	0.00877039577307746	69032.63558216153	77997.2794160857	0.0
10.0	0.7	100	0.5	0.0015329969	0.00877039577307746	159125.9542706697	168472.5726193942	0.0
10.0	0.7	100	0.1	0.00030659938	0.00877039577307746	1024061.6607839135	1033862.3809824184	677174.7807672279
10.0	0.7	50	2.0	0.0061319876	0.00877039577307746	22231.961606452816	35644.51987728323	0.0
10.0	0.7	50	1.0	0.0030659938	0.00877039577307746	118114.35930312528	134864.42819082615	0.0
10.0	0.7	50	0.5	0.0015329969	0.00877039577307746	274475.7092087539	292166.6629243201	0.0
10.0	0.7	50	0.1	0.00030659938	0.00877039577307746	1594432.6171691199	1613331.1632661046	952414.4309066309
10.0	0.7	20	2.0	0.0061319876	0.00877039577307746	35240.1882079247	61225.1726456023	0.0
10.0	0.7	20	1.0	0.0030659938	0.00877039577307746	222711.358094095	259106.06959767095	0.0
10.0	0.7	20	0.5	0.0015329969	0.00877039577307746	528147.0307916795	567721.7135642606	0.0
10.0	0.7	20	0.1	0.00030659938	0.00877039577307746	2734208.9827868696	2778163.940338804	1359162.362672213
10.0	0.5	200	2.0	0.004806443	0.012883167732742192	39395.23976506749	29198.821230631882	0.0
10.0	0.5	200	1.0	0.0024032215	0.012883167732742192	89866.08747957081	79316.21788729343	0.0
10.0	0.5	200	0.5	0.0012016107	0.012883167732742192	190981.0125361611	180288.6344149968	0.0
10.0	0.5	200	0.1	0.00024032215	0.012883167732742192	1831149.7004188315	1820357.5667305773	1520622.663111143
10.0	0.5	100	2.0	0.004806443	0.012883167732742192	72021.31600583767	52291.454684964665	0.0
10.0	0.5	100	1.0	0.0024032215	0.012883167732742192	164120.53106452874	143594.95213570574	0.0
10.0	0.5	100	0.5	0.0012016107	0.012883167732742192	339870.1919196678	319024.394670167	0.0
10.0	0.5	100	0.1	0.00024032215	0.012883167732742192	2674828.6499795304	2653594.067006387	2083784.7300816525
10.0	0.5	50	2.0	0.004806443	0.012883167732742192	128217.28715213656	90711.57344148455	0.0
10.0	0.5	50	1.0	0.0024032215	0.012883167732742192	291517.77320090315	252177.5604376664	0.0
10.0	0.5	50	0.5	0.0012016107	0.012883167732742192	587374.1956818227	547262.4234411496	0.0
10.0	0.5	50	0.1	0.00024032215	0.012883167732742192	3832925.87673298	3791517.362288873	2730607.3207738646
10.0	0.5	20	2.0	0.004806443	0.012883167732742192	260966.9277566734	176504.67212711464	0.0
10.0	0.5	20	1.0	0.0024032215	0.012883167732742192	592224.8239439941	501771.74473591277	0.0
10.0	0.5	20	0.5	0.0012016107	0.012883167732742192	1149301.2805745685	1056103.432472573	0.0
10.0	0.5	20	0.1	0.00024032215	0.012883167732742192	6001914.3474665275	5903344.892910632	3614222.979260158
10.0	0.3	200	2.0	0.0033081666	0.023097452851887756	136850.20949275166	93234.7423410229	0.0
10.0	0.3	200	1.0	0.0016540833	0.023097452851887756	296427.91039794806	252645.4712273822	0.0
10.0	0.3	200	0.5	0.00082704164	0.023097452851887756	762026.7929044286	718382.6234602684	73305.31069365589
10.0	0.3	200	0.1	0.00016540833	0.023097452851887756	9289278.136296786	9246056.601548651	8437704.060003262
10.0	0.3	100	2.0	0.0033081666	0.023097452851887756	256917.32701438916	171086.2685507187	0.0
10.0	0.3	100	1.0	0.0016540833	0.023097452851887756	534569.5852177402	448495.8606917394	0.0
10.0	0.3	100	0.5	0.00082704164	0.023097452851887756	1263964.1340921763	1178110.9649465834	84224.88750185334
10.0	0.3	100	0.1	0.00016540833	0.023097452851887756	12053199.24223204	11967403.319595225	10436175.480628762
10.0	0.3	50	2.0	0.0033081666	0.023097452851887756	474509.06549716654	307322.5388437692	0.0
10.0	0.3	50	1.0	0.0016540833	0.023097452851887756	943253.2963670029	775487.4580438776	0.0
10.0	0.3	50	0.5	0.00082704164	0.023097452851887756	2047385.6024771084	1879636.509788504	91497.3193544287
10.0	0.3	50	0.1	0.00016540833	0.023097452851887756	15362732.718996296	15193505.068904862	12378606.25276508
10.0	0.3	20	2.0	0.0033081666	0.023097452851887756	1036661.9127999358	638193.212271354	0.0
10.0	0.3	20	1.0	0.0016540833	0.023097452851887756	1926981.6846164493	1525308.4851254479	0.0
10.0	0.3	20	0.5	0.00082704164	0.023097452851887756	3743713.4022230725	3339862.236253845	96735.0342758975
10.0	0.3	20	0.1	0.00016540833	0.023097452851887756	20000000.0	20000000.0	14571662.19657104
10.0	0.1	200	2.0	0.0014537534	0.08106726536299354	5174225.12988932	4961985.528493734	0.0
10.0	0.1	200	1.0	0.00072687668	0.08106726536299354	16996916.172322527	16785854.95086516	2105475.869226778
10.0	0.1	200	0.5	0.00036343834	0.08106726536299354	20000000.0	20000000.0	17887953.959484342
10.0	0.1	200	0.1	7.2687668e-05	0.08106726536299354	20000000.0	20000000.0	20000000.0
10.0	0.1	100	2.0	0.0014537534	0.08106726536299354	8364828.825803584	7944059.484933947	0.0
10.0	0.1	100	1.0	0.00072687668	0.08106726536299354	20000000.0	20000000.0	2220692.5474638706
10.0	0.1	100	0.5	0.00036343834	0.08106726536299354	20000000.0	20000000.0	20000000.0
10.0	0.1	100	0.1	7.2687668e-05	0.08106726536299354	20000000.0	20000000.0	20000000.0
10.0	0.1	50	2.0	0.0014537534	0.08106726536299354	13266637.859309932	12431619.36825064	0.0
10.0	0.1	50	1.0	0.00072687668	0.08106726536299354	20000000.0	20000000.0	2284766.6468489906
10.0	0.1	50	0.5	0.00036343834	0.08106726536299354	20000000.0	20000000.0	20000000.0
10.0	0.1	50	0.1	7.2687668e-05	0.08106726536299354	20000000.0	20000000.0	20000000.0
10.0	0.1	20	2.0	0.0014537534	0.08106726536299354	20000000.0	20000000.0	0.0
10.0	0.1	20	1.0	0.00072687668	0.08106726536299354	20000000.0	20000000.0	2325646.572827417
10.0	0.1	20	0.5	0.00036343834	0.08106726536299354	20000000.0	20000000.0	20000000.0
10.0	0.1	20	0.1	7.2687668e-05	0.08106726536299354	20000000.0	20000000.0	20000000.0
25.0	1.0	200	2.0	0.030992078	0.028065401036459305	0.0	0.0	0.0
25.0	1.0	200	1.0	0.015496039	0.028065401036459305	53808.381589858254	0.0	0.0
25.0	1.0	200	0.5	0.0077480194	0.028065401036459305	152186.76693431957	34618.64633898305	0.0
25.0	1.0	200	0.1	0.0015496039	0.028065401036459305	1123973.6011634143	1007708.9762889063	0.0
25.0	1.0	100	2.0	0.030992078	0.028065401036459305	0.0	0.0	0.0
25.0	1.0	100	1.0	0.015496039	0.028065401036459305	100408.86032075554	0.0	0.0
25.0	1.0	100	0.5	0.0077480194	0.028065401036459305	286998.2090185118	61186.08459114113	0.0
25.0	1.0	100	0.1	0.0015496039	0.028065401036459305	1986881.5762726937	1762026.1367293457	0.0
25.0	1.0	50	2.0	0.030992078	0.028065401036459305	0.0	0.0	0.0
25.0	1.0	50	1.0	0.015496039	0.028065401036459305	183434.47977112918	0.0	0.0
25.0	1.0	50	0.5	0.0077480194	0.028065401036459305	531385.104634905	103913.960474407	0.0
25.0	1.0	50	0.1	0.0015496039	0.028065401036459305	3449475.6954020113	3014149.4895277093	0.0
25.0	1.0	20	2.0	0.030992078	0.028065401036459305	0.0	0.0	0.0
25.0	1.0	20	1.0	0.015496039	0.028065401036459305	388246.49359943764	0.0	0.0
25.0	1.0	20	0.5	0.0077480194	0.028065401036459305	1155058.5063524027	192416.49680740276	0.0
25.0	1.0	20	0.1	0.0015496039	0.028065401036459305	6962161.848739162	5921291.098090107	0.0
25.0	0.7	200	2.0	0.023865415	0.04218927514291139	55373.62507652231	0.0	0.0
25.0	0.7	200	1.0	0.011932707	0.04218927514291139	155917.69170965502	0.0	0.0
25.0	0.7	200	0.5	0.0059663536	0.04218927514291139	340979.1562046599	139000.39383812126	0.0
25.0	0.7	200	0.1	0.0011932707	0.04218927514291139	3758910.3560361387	3569738.1844833	0.0
25.0	0.7	100	2.0	0.023865415	0.04218927514291139	104838.99157238295	0.0	0.0
25.0	0.7	100	1.0	0.011932707	0.04218927514291139	297042.8843810616	0.0	0.0
25.0	0.7	100	0.5	0.0059663536	0.04218927514291139	641687.316902159	252299.79237504888	0.0
25.0	0.7	100	0.1	0.0011932707	0.04218927514291139	6205748.106961062	5835190.692948588	0.0
25.0	0.7	50	2.0	0.023865415	0.04218927514291139	195973.12441380703	0.0	0.0
25.0	0.7	50	1.0	0.011932707	0.04218927514291139	558167.5015528491	0.0	0.0
25.0	0.7	50	0.5	0.0059663536	0.04218927514291139	1187197.1601550216	443795.207006754	0.0
25.0	0.7	50	0.1	0.0011932707	0.04218927514291139	10095298.18863755	9367594.519371461	0.0
25.0	0.7	20	2.0	0.023865415	0.04218927514291139	433519.7598971897	0.0	0.0
25.0	0.7	20	1.0	0.011932707	0.04218927514291139	1245831.252346567	0.0	0.0
25.0	0.7	20	0.5	0.0059663536	0.04218927514291139	2599008.085346791	879568.791052725	0.0
25.0	0.7	20	0.1	0.0011932707	0.04218927514291139	18717133.071614277	16944248.022121515	0.0
25.0	0.5	200	2.0	0.018550177	0.061973429962809724	154961.26504642292	0.0	0.0
25.0	0.5	200	1.0	0.0092750886	0.061973429962809724	334881.1166518549	18200.259904405044	0.0
25.0	0.5	200	0.5	0.0046375443	0.061973429962809724	774246.2100506823	457094.1074246804	0.0
25.0	0.5	200	0.1	0.00092750886	0.061973429962809724	15566938.653979644	15274406.305389354	300366.01091089466
25.0	0.5	100	2.0	0.018550177	0.061973429962809724	298884.4940309049	0.0	0.0
25.0	0.5	100	1.0	0.0092750886	0.061973429962809724	637560.0734489552	29247.939902246864	0.0
25.0	0.5	100	0.5	0.0046375443	0.061973429962809724	1427226.2582747561	816767.6519160123	0.0
25.0	0.5	100	0.1	0.00092750886	0.061973429962809724	20000000.0	20000000.0	305954.0151579674
25.0	0.5	50	2.0	0.018550177	0.061973429962809724	570764.3323908332	0.0	0.0
25.0	0.5	50	1.0	0.0092750886	0.061973429962809724	1197430.142936864	44019.0711791849	0.0
25.0	0.5	50	0.5	0.0046375443	0.061973429962809724	2588914.134170207	1417195.9481648016	0.0
25.0	0.5	50	0.1	0.00092750886	0.061973429962809724	20000000.0	20000000.0	308853.7682789657
25.0	0.5	20	2.0	0.018550177	0.061973429962809724	1313977.5735575876	0.0	0.0
25.0	0.5	20	1.0	0.0092750886	0.061973429962809724	2690768.157992759	66914.76837232112	0.0
25.0	0.5	20	0.5	0.0046375443	0.061973429962809724	5555252.99788322	2791220.0182919856	0.0
25.0	0.5	20	0.1	0.00092750886	0.061973429962809724	20000000.0	20000000.0	310628.8857841426
25.0	0.3	200	2.0	0.012511717	0.11110841730313199	500030.92913033033	0.0	0.0
25.0	0.3	200	1.0	0.0062558587	0.11110841730313199	1258628.8296866047	593471.7402279915	0.0
25.0	0.3	200	0.5	0.0031279293	0.11110841730313199	4410728.6426113695	3782321.7128627994	0.0
25.0	0.3	200	0.1	0.00062558587	0.11110841730313199	20000000.0	20000000.0	20000000.0
25.0	0.3	100	2.0	0.012511717	0.11110841730313199	959352.3623284409	0.0	0.0
25.0	0.3	100	1.0	0.0062558587	0.11110841730313199	2317568.072940355	1041271.8961176625	0.0
25.0	0.3	100	0.5	0.0031279293	0.11110841730313199	7506736.392074448	6278842.175798187	0.0
25.0	0.3	100	0.1	0.00062558587	0.11110841730313199	20000000.0	20000000.0	20000000.0
25.0	0.3	50	2.0	0.012511717	0.11110841730313199	1822794.0458239042	0.0	0.0
25.0	0.3	50	1.0	0.0062558587	0.11110841730313199	4217665.8673264235	1769715.6180016566	0.0
25.0	0.3	50	0.5	0.0031279293	0.11110841730313199	12607987.641403716	10201734.96835443	0.0
25.0	0.3	50	0.1	0.00062558587	0.11110841730313199	20000000.0	20000000.0	20000000.0
25.0	0.3	20	2.0	0.012511717	0.11110841730313199	4197885.089452683	0.0	0.0
25.0	0.3	20	1.0	0.0062558587	0.11110841730313199	9158588.025131848	3373871.0990502033	0.0
25.0	0.3	20	0.5	0.0031279293	0.11110841730313199	20000000.0	18596661.456457537	0.0
25.0	0.3	20	0.1	0.00062558587	0.11110841730313199	20000000.0	20000000.0	20000000.0
25.0	0.1	200	2.0	0.0050715927	0.3899674828793541	20000000.0	20000000.0	0.0
25.0	0.1	200	1.0	0.0025357963	0.3899674828793541	20000000.0	20000000.0	0.0
25.0	0.1	200	0.5	0.0012678982	0.3899674828793541	20000000.0	20000000.0	0.0
25.0	0.1	200	0.1	0.00025357963	0.3899674828793541	20000000.0	20000000.0	20000000.0
25.0	0.1	100	2.0	0.0050715927	0.3899674828793541	20000000.0	20000000.0	0.0
25.0	0.1	100	1.0	0.0025357963	0.3899674828793541	20000000.0	20000000.0	0.0
25.0	0.1	100	0.5	0.0012678982	0.3899674828793541	20000000.0	20000000.0	0.0
25.0	0.1	100	0.1	0.00025357963	0.3899674828793541	20000000.0	20000000.0	20000000.0
25.0	0.1	50	2.0	0.0050715927	0.3899674828793541	20000000.0	20000000.0	0.0
25.0	0.1	50	1.0	0.0025357963	0.3899674828793541	20000000.0	20000000.0	0.0
25.0	0.1	50	0.5	0.0012678982	0.3899674828793541	20000000.0	20000000.0	0.0
25.0	0.1	50	0.1	0.00025357963	0.3899674828793541	20000000.0	20000000.0	20000000.0
25.0	0.1	20	2.0	0.0050715927	0.3899674828793541	20000000.0	20000000.0	0.0
25.0	0.1	20	1.0	0.0025357963	0.3899674828793541	20000000.0	20000000.0	0.0
25.0	0.1	20	0.5	0.0012678982	0.3899674828793541	20000000.0	20000000.0	0.0
25.0	0.1	20	0.1	0.00025357963	0.3899674828793541	20000000.0	20000000.0	20000000.0
50.0	1.0	200	2.0	0.069470266	0.09209216300296398	53252.132769125754	0.0	0.0
50.0	1.0	200	1.0	0.034735133	0.09209216300296398	228529.62171407233	0.0	0.0
50.0	1.0	200	0.5	0.017367566	0.09209216300296398	525373.5003702571	0.0	0.0
50.0	1.0	200	0.1	0.0034735133	0.09209216300296398	5018474.444109533	4171895.151140218	0.0
50.0	1.0	100	2.0	0.069470266	0.09209216300296398	101702.41069312299	0.0	0.0
50.0	1.0	100	1.0	0.034735133	0.09209216300296398	439306.14909925766	0.0	0.0
50.0	1.0	100	0.5	0.017367566	0.09209216300296398	993811.5847356825	0.0	0.0
50.0	1.0	100	0.1	0.0034735133	0.09209216300296398	8651808.788242778	7023074.547026766	0.0
50.0	1.0	50	2.0	0.069470266	0.09209216300296398	191707.89858752457	0.0	0.0
50.0	1.0	50	1.0	0.034735133	0.09209216300296398	832946.9587260938	0.0	0.0
50.0	1.0	50	0.5	0.017367566	0.09209216300296398	1853366.553468054	0.0	0.0
50.0	1.0	50	0.1	0.0034735133	0.09209216300296398	14944008.890376458	11782227.31287684	0.0
50.0	1.0	20	2.0	0.069470266	0.09209216300296398	430459.5821515879	0.0	0.0
50.0	1.0	20	1.0	0.034735133	0.09209216300296398	1894495.8773392509	0.0	0.0
50.0	1.0	20	0.5	0.017367566	0.09209216300296398	4150477.213809962	0.0	0.0
50.0	1.0	20	0.1	0.0034735133	0.09209216300296398	20000000.0	20000000.0	0.0
50.0	0.7	200	2.0	0.052690513	0.1384374161762574	236375.54633768604	0.0	0.0
50.0	0.7	200	1.0	0.026345256	0.1384374161762574	534648.6803868548	0.0	0.0
50.0	0.7	200	0.5	0.013172628	0.1384374161762574	1205345.8825705862	0.0	0.0
50.0	0.7	200	0.1	0.0026345256	0.1384374161762574	20000000.0	20000000.0	0.0
50.0	0.7	100	2.0	0.052690513	0.1384374161762574	458278.781837541	0.0	0.0
50.0	0.7	100	1.0	0.026345256	0.1384374161762574	1020297.3048847592	0.0	0.0
50.0	0.7	100	0.5	0.013172628	0.1384374161762574	2232041.998330312	0.0	0.0
50.0	0.7	100	0.1	0.0026345256	0.1384374161762574	20000000.0	20000000.0	0.0
50.0	0.7	50	2.0	0.052690513	0.1384374161762574	879219.749184763	0.0	0.0
50.0	0.7	50	1.0	0.026345256	0.1384374161762574	1923841.5083227837	0.0	0.0
50.0	0.7	50	0.5	0.013172628	0.1384374161762574	4096549.609630579	0.0	0.0
50.0	0.7	50	0.1	0.0026345256	0.1384374161762574	20000000.0	20000000.0	0.0
50.0	0.7	20	2.0	0.052690513	0.1384374161762574	2043349.6572778104	0.0	0.0
50.0	0.7	20	1.0	0.026345256	0.1384374161762574	4386506.190919753	0.0	0.0
50.0	0.7	20	0.5	0.013172628	0.1384374161762574	9083162.417011252	0.0	0.0
50.0	0.7	20	0.1	0.0026345256	0.1384374161762574	20000000.0	20000000.0	0.0
50.0	0.5	200	2.0	0.040124638	0.20335598292622342	531785.100846228	0.0	0.0
50.0	0.5	200	1.0	0.020062319	0.20335598292622342	1176923.2295598774	0.0	0.0
50.0	0.5	200	0.5	0.010031159	0.20335598292622342	3221779.0675425897	0.0	0.0
50.0	0.5	200	0.1	0.0020062319	0.20335598292622342	20000000.0	20000000.0	0.0
50.0	0.5	100	2.0	0.040124638	0.20335598292622342	1024586.8116249101	0.0	0.0
50.0	0.5	100	1.0	0.020062319	0.20335598292622342	2206824.6704170555	0.0	0.0
50.0	0.5	100	0.5	0.010031159	0.20335598292622342	5784716.034786002	0.0	0.0
50.0	0.5	100	0.1	0.0020062319	0.20335598292622342	20000000.0	20000000.0	0.0
50.0	0.5	50	2.0	0.040124638	0.20335598292622342	1955228.6288956108	0.0	0.0
50.0	0.5	50	1.0	0.020062319	0.20335598292622342	4105916.8184322664	0.0	0.0
50.0	0.5	50	0.5	0.010031159	0.20335598292622342	10383580.857133621	0.0	0.0
50.0	0.5	50	0.1	0.0020062319	0.20335598292622342	20000000.0	20000000.0	0.0
50.0	0.5	20	2.0	0.040124638	0.20335598292622342	4545954.686924299	0.0	0.0
50.0	0.5	20	1.0	0.020062319	0.20335598292622342	9287101.397128284	0.0	0.0
50.0	0.5	20	0.5	0.010031159	0.20335598292622342	20000022.0	0.0	0.0
50.0	0.5	20	0.1	0.0020062319	0.20335598292622342	20000000.0	20000000.0	0.0
50.0	0.3	200	2.0	0.025913758	0.3645846522552401	1903035.504282265	0.0	0.0
50.0	0.3	200	1.0	0.012956879	0.3645846522552401	6284537.873156769	0.0	0.0
50.0	0.3	200	0.5	0.0064784395	0.3645846522552401	20000000.0	20000000.0	0.0
50.0	0.3	200	0.1	0.0012956879	0.3645846522552401	20000000.0	20000000.0	0.0
50.0	0.3	100	2.0	0.025913758	0.3645846522552401	3569493.698627176	0.0	0.0
50.0	0.3	100	1.0	0.012956879	0.3645846522552401	11310911.225214168	0.0	0.0
50.0	0.3	100	0.5	0.0064784395	0.3645846522552401	20000000.0	20000000.0	0.0
50.0	0.3	100	0.1	0.0012956879	0.3645846522552401	20000000.0	20000000.0	0.0
50.0	0.3	50	2.0	0.025913758	0.3645846522552401	6679076.46300598	0.0	0.0
50.0	0.3	50	1.0	0.012956879	0.3645846522552401	20000000.0	0.0	0.0
50.0	0.3	50	0.5	0.0064784395	0.3645846522552401	20000000.0	20000000.0	0.0
50.0	0.3	50	0.1	0.0012956879	0.3645846522552401	20000000.0	20000000.0	0.0
50.0	0.3	20	2.0	0.025913758	0.3645846522552401	15334559.37562215	0.0	0.0
50.0	0.3	20	1.0	0.012956879	0.3645846522552401	20000000.0	0.0	0.0
50.0	0.3	20	0.5	0.0064784395	0.3645846522552401	20000000.0	20000000.0	0.0
50.0	0.3	20	0.1	0.0012956879	0.3645846522552401	20000000.0	20000000.0	0.0
50.0	0.1	200	2.0	0.0090669543	1.2796164555969496	20000000.0	20000000.0	0.0
50.0	0.1	200	1.0	0.0045334772	1.2796164555969496	20000000.0	20000000.0	0.0
50.0	0.1	200	0.5	0.0022667386	1.2796164555969496	20000000.0	20000000.0	0.0
50.0	0.1	200	0.1	0.00045334772	1.2796164555969496	20000000.0	20000000.0	20000000.0
50.0	0.1	100	2.0	0.0090669543	1.2796164555969496	20000000.0	20000000.0	0.0
50.0	0.1	100	1.0	0.0045334772	1.2796164555969496	20000000.0	20000000.0	0.0
50.0	0.1	100	0.5	0.0022667386	1.2796164555969496	20000000.0	20000000.0	0.0
50.0	0.1	100	0.1	0.00045334772	1.2796164555969496	20000000.0	20000000.0	20000000.0
50.0	0.1	50	2.0	0.0090669543	1.2796164555969496	20000000.0	20000000.0	0.0
50.0	0.1	50	1.0	0.0045334772	1.2796164555969496	20000000.0	20000000.0	0.0
50.0	0.1	50	0.5	0.0022667386	1.2796164555969496	20000000.0	20000000.0	0.0
50.0	0.1	50	0.1	0.00045334772	1.2796164555969496	20000000.0	20000000.0	20000000.0
50.0	0.1	20	2.0	0.0090669543	1.2796164555969496	20000000.0	20000000.0	0.0
50.0	0.1	20	1.0	0.0045334772	1.2796164555969496	20000000.0	20000000.0	0.0
50.0	0.1	20	0.5	0.0022667386	1.2796164555969496	20000000.0	20000000.0	0.0
50.0	0.1	20	0.1	0.00045334772	1.2796164555969496	20000000.0	20000000.0	20000000.0
