r0	M_star	flux_peb	M_em_fact	M_init	M_trans	t_trans	t_moon	t_e3
0.5	1.0	200	2.0	4.7736705e-05	3.432821685000682e-05	0.0	3136.078451300883	98.47002321151068
0.5	1.0	200	1.0	2.3868353e-05	3.432821685000682e-05	4.508706319617554	3238.2104836289645	133.14980886242023
0.5	1.0	200	0.5	1.1934176e-05	3.432821685000682e-05	21.74836845896879	3389.735684001518	196.64055768689715
0.5	1.0	200	0.1	2.3868353e-06	3.432821685000682e-05	177.52192375983083	3998.7754158735665	531.8951054201286
0.5	1.0	100	2.0	4.7736705e-05	3.432821685000682e-05	0.0	5846.1222710492	99.56944588265577
0.5	1.0	100	1.0	2.3868353e-05	3.432821685000682e-05	4.523631469607234	5978.585389452277	135.13219667713497
0.5	1.0	100	0.5	1.1934176e-05	3.432821685000682e-05	21.904737172247543	6157.916906131344	200.59026724541505
0.5	1.0	100	0.1	2.3868353e-06	3.432821685000682e-05	182.7408164821378	6853.614949127604	554.6873524617436
0.5	1.0	50	2.0	4.7736705e-05	3.432821685000682e-05	0.0	11149.006549740212	100.13243465690823
0.5	1.0	50	1.0	2.3868353e-05	3.432821685000682e-05	4.531137788536786	11322.855348022227	136.15393326105288
0.5	1.0	50	0.5	1.1934176e-05	3.432821685000682e-05	21.984124646206826	11524.210319495503	202.64692590471995
0.5	1.0	50	0.1	2.3868353e-06	3.432821685000682e-05	185.49548800296068	12255.113833590438	567.0643750293592
0.5	1.0	20	2.0	4.7736705e-05	3.432821685000682e-05	0.0	27091.592628642222	100.47371672345328
0.5	1.0	20	1.0	2.3868353e-05	3.432821685000682e-05	4.535656000014751	27389.494001994077	136.77704222529064
0.5	1.0	20	0.5	1.1934176e-05	3.432821685000682e-05	22.031705985039366	27652.824033196808	203.90901232922073
0.5	1.0	20	0.1	2.3868353e-06	3.432821685000682e-05	187.1968676464379	28442.247460376897	574.8352330166026
0.5	0.7	200	2.0	3.6833566e-05	5.1603844319524364e-05	7.514165716465439	4647.931561423352	188.0351051140807
0.5	0.7	200	1.0	1.8416783e-05	5.1603844319524364e-05	31.924498092924495	4843.018995136234	261.9877696213041
0.5	0.7	200	0.5	9.2083914e-06	5.1603844319524364e-05	81.60330567895312	5123.439509700872	390.81690177605867
0.5	0.7	200	0.1	1.8416783e-06	5.1603844319524364e-05	420.6959927608711	6080.148107578988	1004.4165338473761
0.5	0.7	100	2.0	3.6833566e-05	5.1603844319524364e-05	7.55522557896943	8547.754755773896	192.38524774625125
0.5	0.7	100	1.0	1.8416783e-05	5.1603844319524364e-05	32.21539936914065	8803.969732261927	269.94870453869976
0.5	0.7	100	0.5	9.2083914e-06	5.1603844319524364e-05	82.92198736024821	9157.209921527337	406.69014732940747
0.5	0.7	100	0.1	1.8416783e-06	5.1603844319524364e-05	444.25812639694766	10325.065579773618	1085.9434083311246
0.5	0.7	50	2.0	3.6833566e-05	5.1603844319524364e-05	7.575951741504694	15980.53991729579	194.67530965431777
0.5	0.7	50	1.0	1.8416783e-05	5.1603844319524364e-05	32.363398184664504	16299.672406286503	274.1963928079118
0.5	0.7	50	0.5	9.2083914e-06	5.1603844319524364e-05	83.60071063285983	16711.694799797537	415.3471576122579
0.5	0.7	50	0.1	1.8416783e-06	5.1603844319524364e-05	457.27389769647556	18029.28797729803	1133.6566202175766
0.5	0.7	20	2.0	3.6833566e-05	5.1603844319524364e-05	7.58845062429117	37980.875560843204	196.08883283452312
0.5	0.7	20	1.0	1.8416783e-05	5.1603844319524364e-05	32.45317329948414	38427.95650856858	276.839446166623
0.5	0.7	20	0.5	9.2083914e-06	5.1603844319524364e-05	84.01643700778504	38921.76194086492	420.80259545682594
0.5	0.7	20	0.1	1.8416783e-06	5.1603844319524364e-05	465.53327591966286	40379.56824159065	1165.081583274057
0.5	0.5	200	2.0	2.8836177e-05	7.58028484944263e-05	47.348012687148916	6338.08092827492	368.5689432527661
0.5	0.5	200	1.0	1.4418089e-05	7.58028484944263e-05	107.96626471597982	6665.31946773204	527.7292071948826
0.5	0.5	200	0.5	7.2090443e-06	7.58028484944263e-05	226.43866676116292	7100.557545109387	789.4621863567742
0.5	0.5	200	0.1	1.4418089e-06	7.58028484944263e-05	852.9802603290872	8363.66888439943	1802.0073841045278
0.5	0.5	100	2.0	2.8836177e-05	7.58028484944263e-05	47.89901407911078	11568.321689305843	387.4872148239241
0.5	0.5	100	1.0	1.4418089e-05	7.58028484944263e-05	110.08494412148309	12016.840832180864	563.151062942654
0.5	0.5	100	0.5	7.2090443e-06	7.58028484944263e-05	233.68528182867107	12593.53604884894	860.118428743833
0.5	0.5	100	0.1	1.4418089e-06	7.58028484944263e-05	937.1617839223952	14216.318546994582	2080.3277224136314
0.5	0.5	50	2.0	2.8836177e-05	7.58028484944263e-05	48.179630959668316	21265.95786529185	398.13765606276866
0.5	0.5	50	1.0	1.4418089e-05	7.58028484944263e-05	111.18532575700384	21843.40696784294	583.8808686746283
0.5	0.5	50	0.5	7.2090443e-06	7.58028484944263e-05	237.53542318738113	22557.892245034684	903.7635430348349
0.5	0.5	50	0.1	1.4418089e-06	7.58028484944263e-05	987.3413289872681	24497.1280798139	2272.709857502073
0.5	0.5	20	2.0	2.8836177e-05	7.58028484944263e-05	48.34967365948956	49074.7587220915	404.983108472376
0.5	0.5	20	1.0	1.4418089e-05	7.58028484944263e-05	111.85969773969511	49839.48189885491	597.5470301240739
0.5	0.5	20	0.5	7.2090443e-06	7.58028484944263e-05	239.9241638723745	50715.007954065084	933.6545594695751
0.5	0.5	20	0.1	1.4418089e-06	7.58028484944263e-05	1020.7303640501859	52969.18520378084	2416.8519335650135
0.5	0.3	200	2.0	1.9879528e-05	0.00013590234602698409	283.1390607054059	9279.059414542906	1221.751393516828
0.5	0.3	200	1.0	9.939764e-06	0.00013590234602698409	528.6696541636244	9868.632318506689	1740.7693512066771
0.5	0.3	200	0.5	4.969882e-06	0.00013590234602698409	903.3278777421476	10534.357840216571	2372.839381287576
0.5	0.3	200	0.1	9.939764e-07	0.00013590234602698409	2169.899773483899	12195.583894465799	4014.527324498675
0.5	0.3	100	2.0	1.9879528e-05	0.00013590234602698409	295.0742510833989	16940.39859107947	1520.542624824581
0.5	0.3	100	1.0	9.939764e-06	0.00013590234602698409	562.0576518154691	17772.143946127853	2243.93909100087
0.5	0.3	100	0.5	4.969882e-06	0.00013590234602698409	987.6304492988974	18680.8466663406	3113.685882507162
0.5	0.3	100	0.1	9.939764e-07	0.00013590234602698409	2628.5445284637317	21017.082948962	5445.538816966278
0.5	0.3	50	2.0	1.9879528e-05	0.00013590234602698409	301.5804878613784	30848.536389765122	1801.6530044669312
0.5	0.3	50	1.0	9.939764e-06	0.00013590234602698409	581.0097860133172	31974.317274918027	2757.0889073918106
0.5	0.3	50	0.5	4.969882e-06	0.00013590234602698409	1037.9739395435286	33155.71224151827	3889.296164395911
0.5	0.3	50	0.1	9.939764e-07	0.00013590234602698409	2962.74931330172	36164.02200665727	6916.970165349811
0.5	0.3	20	2.0	1.9879528e-05	0.00013590234602698409	305.67888104776756	68678.25246958419	2088.579988103963
0.5	0.3	20	1.0	9.939764e-06	0.00013590234602698409	593.247568522576	70242.72087318149	3332.605502682305
0.5	0.3	20	0.5	4.969882e-06	0.00013590234602698409	1071.5544848843504	71796.28127538023	4796.054398074111
0.5	0.3	20	0.1	9.939764e-07	0.00013590234602698409	3220.0217292919656	75579.93500547178	8625.59029377718
0.5	0.1	200	2.0	8.9214141e-06	0.00047698902642948483	7349.094249939801	18505.08791764701	9307.571081984015
0.5	0.1	200	1.0	4.4607071e-06	0.00047698902642948483	8559.191972287581	19716.51221261348	10520.307393976043
0.5	0.1	200	0.5	2.2303535e-06	0.00047698902642948483	9586.072327212783	20743.649535459183	11548.406953485115
0.5	0.1	200	0.1	4.4607071e-07	0.00047698902642948483	11420.851046856169	22578.21283876624	13384.332144099146
0.5	0.1	100	2.0	8.9214141e-06	0.00047698902642948483	11772.124466428362	33643.36570099436	15543.271592782645
0.5	0.1	100	1.0	4.4607071e-06	0.00047698902642948483	13765.639686657953	35637.808844295236	17541.231952567545
0.5	0.1	100	0.5	2.2303535e-06	0.00047698902642948483	15526.288489242179	37397.80561835048	19303.84355662848
0.5	0.1	100	0.1	4.4607071e-07	0.00047698902642948483	18958.256777866292	40827.60145540726	22737.530224411366
0.5	0.1	50	2.0	8.9214141e-06	0.00047698902642948483	18027.92302656364	60585.74735402552	25137.3781886753
0.5	0.1	50	1.0	4.4607071e-06	0.00047698902642948483	21022.901312468013	63583.18630845116	28142.33903439458
0.5	0.1	50	0.5	2.2303535e-06	0.00047698902642948483	23749.783952393445	66308.73404592897	30873.764585405002
0.5	0.1	50	0.1	4.4607071e-07	0.00047698902642948483	29621.217947362053	72174.56074426825	36749.17835303171
0.5	0.1	20	2.0	8.9214141e-06	0.00047698902642948483	29285.323195844438	130556.47371986773	45011.02975610169
0.5	0.1	20	1.0	4.4607071e-06	0.00047698902642948483	33781.837791998485	135074.35223259253	49543.006920046144
0.5	0.1	20	0.5	2.2303535e-06	0.00047698902642948483	37768.35737204555	138857.39146268615	53494.56833822322
0.5	0.1	20	0.1	4.4607071e-07	0.00047698902642948483	47764.29689979738	148848.84906963538	63508.89229955579
1.0	1.0	200	2.0	0.00016001203	0.00011264259996303087	0.0	3139.883134117922	296.56026360300433
1.0	1.0	200	1.0	8.0006016e-05	0.00011264259996303087	23.542151260854922	4153.005903156996	591.66501886117
1.0	1.0	200	0.5	4.0003008e-05	0.00011264259996303087	166.0799926547025	5268.793062852507	1094.370393866887
1.0	1.0	200	0.1	8.0006016e-06	0.00011264259996303087	1541.376706281404	8467.027416672256	3384.0605666001716
1.0	1.0	100	2.0	0.00016001203	0.00011264259996303087	0.0	4315.061581157719	308.6415072740918
1.0	1.0	100	1.0	8.0006016e-05	0.00011264259996303087	23.801000034936443	5771.419923956352	630.2621710714286
1.0	1.0	100	0.5	4.0003008e-05	0.00011264259996303087	171.47947114590806	7309.083616618555	1196.7404147781135
1.0	1.0	100	0.1	8.0006016e-06	0.00011264259996303087	1717.2011240626234	11516.383189400001	3938.101316248914
1.0	1.0	50	2.0	0.00016001203	0.00011264259996303087	0.0	5556.62548663998	315.1909088294224
1.0	1.0	50	1.0	8.0006016e-05	0.00011264259996303087	23.93295145087767	7513.576174414292	652.1902469912155
1.0	1.0	50	0.5	4.0003008e-05	0.00011264259996303087	174.35243914359546	9508.847588251372	1258.072548014793
1.0	1.0	50	0.1	8.0006016e-06	0.00011264259996303087	1825.0616800407106	14689.371150008754	4311.819747513345
1.0	1.0	20	2.0	0.00016001203	0.00011264259996303087	0.0	6985.541362568037	319.30040861343815
1.0	1.0	20	1.0	8.0006016e-05	0.00011264259996303087	24.01294656553153	9581.751140646344	666.3525264666512
1.0	1.0	20	0.5	4.0003008e-05	0.00011264259996303087	176.13665785433614	12146.744524651896	1299.0643988651507
1.0	1.0	20	0.1	8.0006016e-06	0.00011264259996303087	1898.2257778756334	18418.40455459224	4583.432769433218
1.0	0.7	200	2.0	0.00012354774	0.00016932983200487896	36.277814226700045	6472.3467441959265	647.253088716016
1.0	0.7	200	1.0	6.1773872e-05	0.00016932983200487896	215.28371848914125	7723.714152763705	1220.9676704972824
1.0	0.7	200	0.5	3.0886936e-05	0.00016932983200487896	656.9740972347169	9092.638247200564	2104.6200900695912
1.0	0.7	200	0.1	6.1773872e-06	0.00016932983200487896	3280.7160390359904	13196.639939955254	5591.107825518211
1.0	0.7	100	2.0	0.00012354774	0.00016932983200487896	36.85039588911909	10179.59762023648	701.8557059315608
1.0	0.7	100	1.0	6.1773872e-05	0.00016932983200487896	223.72206464043595	12027.876267969483	1372.2965340649603
1.0	0.7	100	0.5	3.0886936e-05	0.00016932983200487896	704.4784863277846	13945.536517881674	2440.953213458742
1.0	0.7	100	0.1	6.1773872e-06	0.00016932983200487896	3881.4479298112883	19531.07769887757	6934.665818959076
1.0	0.7	50	2.0	0.00012354774	0.00016932983200487896	37.14451024349666	15201.263997040753	734.2697507700876
1.0	0.7	50	1.0	6.1773872e-05	0.00016932983200487896	228.27407927670106	17802.72096301047	1469.4951045120185
1.0	0.7	50	0.5	3.0886936e-05	0.00016932983200487896	731.7640620657196	20363.31690687688	2672.8940565107564
1.0	0.7	50	0.1	6.1773872e-06	0.00016932983200487896	4294.243539757092	27444.578292160877	7973.697073719745
1.0	0.7	20	2.0	0.00012354774	0.00016932983200487896	37.323565868074404	23437.495963570887	755.8076896294751
1.0	0.7	20	1.0	6.1773872e-05	0.00016932983200487896	231.12346842218233	27215.304617321115	1537.743587499648
1.0	0.7	20	0.5	3.0886936e-05	0.00016932983200487896	749.5073992235564	30708.61266806087	2845.033271711362
1.0	0.7	20	0.1	6.1773872e-06	0.00016932983200487896	4597.7064442949795	39617.710631167916	8821.679972841572
1.0	0.5	200	2.0	9.677803e-05	0.0002487350268242733	279.36606984444563	9908.41383918527	1353.6060423276504
1.0	0.5	200	1.0	4.8389015e-05	0.0002487350268242733	814.0213605095499	11403.40800585533	2376.141725987442
1.0	0.5	200	0.5	2.4194508e-05	0.0002487350268242733	1806.3271066554782	13115.566094869731	3797.349773778913
1.0	0.5	200	0.1	4.8389015e-06	0.0002487350268242733	5915.000680588309	18177.275573075764	8538.705599812725
1.0	0.5	100	2.0	9.677803e-05	0.0002487350268242733	293.20574981197086	16641.600264175144	1578.2199549923969
1.0	0.5	100	1.0	4.8389015e-05	0.0002487350268242733	887.531919651817	18845.232139213946	2890.515035089782
1.0	0.5	100	0.5	2.4194508e-05	0.0002487350268242733	2049.7849623711445	21243.305568149994	4748.087477779892
1.0	0.5	100	0.1	4.8389015e-06	0.0002487350268242733	7528.059974711484	28466.923306073553	11383.718452655075
1.0	0.5	50	2.0	9.677803e-05	0.0002487350268242733	300.8393484619477	26931.016017046128	1737.3575507833739
1.0	0.5	50	1.0	4.8389015e-05	0.0002487350268242733	931.4745572689288	30057.391326631187	3295.837410274171
1.0	0.5	50	0.5	2.4194508e-05	0.0002487350268242733	2207.735542158348	33267.95852939196	5548.094925367758
1.0	0.5	50	0.1	4.8389015e-06	0.0002487350268242733	8808.85108463483	42736.6317868451	13953.488991764945
1.0	0.5	20	2.0	9.677803e-05	0.0002487350268242733	305.679484634248	47332.681825569955	1858.1965593768828
1.0	0.5	20	1.0	4.8389015e-05	0.0002487350268242733	960.8082900895778	52001.11245642878	3635.3475047936495
1.0	0.5	20	0.5	2.4194508e-05	0.0002487350268242733	2319.4021727237655	56440.25145284989	6265.079135702841
1.0	0.5	20	0.1	4.8389015e-06	0.0002487350268242733	9868.004341088576	68695.0306836687	16410.73939109143
1.0	0.3	200	2.0	6.6768339e-05	0.000445941997641276	2103.8885282681163	15371.137370818904	3948.0964312839865
1.0	0.3	200	1.0	3.338417e-05	0.000445941997641276	3950.868894680144	17665.39723245929	6092.959568702744
1.0	0.3	200	0.5	1.6692085e-05	0.000445941997641276	6296.465777163597	20255.362149060216	8608.099401804824
1.0	0.3	200	0.1	3.338417e-06	0.000445941997641276	12285.920186563526	26484.35634656813	14767.353718271084
1.0	0.3	100	2.0	6.6768339e-05	0.000445941997641276	2545.6894676248867	26992.958946648123	5456.243588912499
1.0	0.3	100	1.0	3.338417e-05	0.000445941997641276	5008.007528302225	30343.740966969493	8543.712636231552
1.0	0.3	100	0.5	1.6692085e-05	0.000445941997641276	8259.283392349493	34077.707894493724	12150.757147027402
1.0	0.3	100	0.1	3.338417e-06	0.000445941997641276	17751.20822100803	43994.19029622644	21997.46567117315
1.0	0.3	50	2.0	6.6768339e-05	0.000445941997641276	2888.3628257286664	46486.18608155325	7123.494329652398
1.0	0.3	50	1.0	3.338417e-05	0.000445941997641276	5922.516852578624	51182.25135086403	11316.601063850914
1.0	0.3	50	0.5	1.6692085e-05	0.000445941997641276	10047.367099967567	56225.84694207418	16116.769207759446
1.0	0.3	50	0.1	3.338417e-06	0.000445941997641276	23484.292898150066	70539.44264617795	30282.3028478796
1.0	0.3	20	2.0	6.6768339e-05	0.000445941997641276	3170.7959795431525	91621.92627148463	9194.173637635875
1.0	0.3	20	1.0	3.338417e-05	0.000445941997641276	6766.260957693845	98568.47223227384	14901.922906077682
1.0	0.3	20	0.5	1.6692085e-05	0.000445941997641276	11792.3472387581	105526.37282032153	21233.64936424097
1.0	0.3	20	0.1	3.338417e-06	0.000445941997641276	29808.49051244678	125592.88426007851	40825.661258095504
1.0	0.1	200	2.0	2.9995962e-05	0.0015651638512310742	26935.63166390525	38538.28472910474	24250.70658944125
1.0	0.1	200	1.0	1.4997981e-05	0.0015651638512310742	31087.226419404215	42690.23707656584	28400.66717640407
1.0	0.1	200	0.5	7.4989905e-06	0.0015651638512310742	34476.740213992285	46079.72815185819	31789.55895443554
1.0	0.1	200	0.1	1.4997981e-06	0.0015651638512310742	40316.32758050052	51919.05602815693	37628.577832446776
1.0	0.1	100	2.0	2.9995962e-05	0.0015651638512310742	47097.86017995928	69992.93374129426	41856.9285045922
1.0	0.1	100	1.0	1.4997981e-05	0.0015651638512310742	54471.126564382386	77366.60192870774	49226.93369534915
1.0	0.1	100	0.5	7.4989905e-06	0.0015651638512310742	60683.80710879654	83578.8726659734	55438.366540556955
1.0	0.1	100	0.1	1.4997981e-06	0.0015651638512310742	72115.79035446473	95009.7170977818	66869.53631674683
1.0	0.1	50	2.0	2.9995962e-05	0.0015651638512310742	79450.2636357602	124376.20157446754	69343.66679168698
1.0	0.1	50	1.0	1.4997981e-05	0.0015651638512310742	91665.0328029393	136592.8511978261	81549.8309535754
1.0	0.1	50	0.5	7.4989905e-06	0.0015651638512310742	102320.36448534987	147247.4579113585	92201.68226525359
1.0	0.1	50	0.1	1.4997981e-06	0.0015651638512310742	123808.45845636078	168732.27275287276	113686.95076009222
1.0	0.1	20	2.0	2.9995962e-05	0.0015651638512310742	149086.3196265813	257398.97889930842	125634.45165929805
1.0	0.1	20	1.0	1.4997981e-05	0.0015651638512310742	170119.03533909988	278448.8285765799	146630.77215883593
1.0	0.1	20	0.5	7.4989905e-06	0.0015651638512310742	189168.8049739027	297502.9347403055	165663.5253646085
1.0	0.1	20	0.1	1.4997981e-06	0.0015651638512310742	233033.3482314655	341362.2807777233	209513.740642302
5.0	1.0	200	2.0	0.002538352	0.0017780212995776843	0.0	12580.374016218748	0.0
5.0	1.0	200	1.0	0.001269176	0.0017780212995776843	1681.9317236578408	22332.74747913025	0.0
5.0	1.0	200	0.5	0.000634588	0.0017780212995776843	10919.267857167917	34534.879935949546	3560.8220437954596
5.0	1.0	200	0.1	0.0001269176	0.0017780212995776843	58416.40463285928	84861.435920873	48277.91344795804
5.0	1.0	100	2.0	0.002538352	0.0017780212995776843	0.0	20133.800219241497	0.0
5.0	1.0	100	1.0	0.001269176	0.0017780212995776843	2116.7495479125455	37104.544962320295	0.0
5.0	1.0	100	0.5	0.000634588	0.0017780212995776843	16400.920387033926	58196.005559843106	4708.828911889458
5.0	1.0	100	0.1	0.0001269176	0.0017780212995776843	96963.68512423428	145739.308454321	78531.10734360252
5.0	1.0	50	2.0	0.002538352	0.0017780212995776843	0.0	30233.558262959974	0.0
5.0	1.0	50	1.0	0.001269176	0.0017780212995776843	2462.835410195335	58161.0977009089	0.0
5.0	1.0	50	0.5	0.000634588	0.0017780212995776843	22723.561245180925	92833.92075615938	5719.490754605083
5.0	1.0	50	0.1	0.0001269176	0.0017780212995776843	151394.0877010807	238082.24123640763	119408.20350726675
5.0	1.0	20	2.0	0.002538352	0.0017780212995776843	0.0	45900.76749862602	0.0
5.0	1.0	20	1.0	0.001269176	0.0017780212995776843	2750.6307467703195	94146.11133504169	0.0
5.0	1.0	20	0.5	0.000634588	0.0017780212995776843	30652.300888508184	154724.55002134302	6645.087790138849
5.0	1.0	20	0.1	0.0001269176	0.0017780212995776843	243023.31098722637	413282.8310489305	183472.33377012992
5.0	0.7	200	2.0	0.0019640782	0.00267280805003966	1862.8515830381098	19561.14011854403	0.0
5.0	0.7	200	1.0	0.00098203908	0.00267280805003966	12101.078400800077	32364.610646720143	49.87548769987057
5.0	0.7	200	0.5	0.00049101954	0.00267280805003966	28744.141034536235	50024.79869282788	10928.26507242531
5.0	0.7	200	0.1	9.8203908e-05	0.00267280805003966	97490.57663070703	119969.51580736182	76628.03320338565
5.0	0.7	100	2.0	0.0019640782	0.00267280805003966	2409.6245525622057	33554.46035164638	0.0
5.0	0.7	100	1.0	0.00098203908	0.00267280805003966	18855.015564152498	55999.55451588924	52.205921407895815
5.0	0.7	100	0.5	0.00049101954	0.00267280805003966	46790.15929789864	86319.88913306342	15827.205018005801
5.0	0.7	100	0.1	9.8203908e-05	0.00267280805003966	168043.60089369086	210562.56058928234	129237.99253065135
5.0	0.7	50	2.0	0.0019640782	0.00267280805003966	2874.451049916208	55098.57084005511	0.0
5.0	0.7	50	1.0	0.00098203908	0.00267280805003966	27363.87957179027	92799.48156350263	53.4531562950571
5.0	0.7	50	0.5	0.00049101954	0.00267280805003966	71615.22082581448	142608.78316977975	21072.279555030647
5.0	0.7	50	0.1	9.8203908e-05	0.00267280805003966	274599.3069624509	353014.0902573074	204897.6882740636
5.0	0.7	20	2.0	0.0019640782	0.00267280805003966	3286.52633431263	97025.79501753378	0.0
5.0	0.7	20	1.0	0.00098203908	0.00267280805003966	39489.260252776774	166054.55114918083	54.22989176626072
5.0	0.7	20	0.5	0.00049101954	0.00267280805003966	112093.45434991726	254585.8110914922	27059.80319801133
5.0	0.7	20	0.1	9.8203908e-05	0.00267280805003966	472671.4405229558	638385.4817318826	333886.5870055585
5.0	0.5	200	2.0	0.0015406498	0.00392618934390481	12995.063085046642	29133.133913261026	0.0
5.0	0.5	200	1.0	0.00077032492	0.00392618934390481	30754.863301787667	47574.04455429018	3055.228995059426
5.0	0.5	200	0.5	0.00038516246	0.00392618934390481	57499.13505628777	74654.13678924239	25357.414959316568
5.0	0.5	200	0.1	7.7032492e-05	0.00392618934390481	142945.01661450008	160495.13047523005	108099.26890210496
5.0	0.5	100	2.0	0.0015406498	0.00392618934390481	21242.44606939978	51801.75490850433	0.0
5.0	0.5	100	1.0	0.00077032492	0.00392618934390481	51874.36685135412	83935.60996526129	3879.685041739669
5.0	0.5	100	0.5	0.00038516246	0.00392618934390481	97396.72355772028	130200.97067958617	38847.31640425904
5.0	0.5	100	0.1	7.7032492e-05	0.00392618934390481	254605.9918542835	288389.1200234057	188839.40829335054
5.0	0.5	50	2.0	0.0015406498	0.00392618934390481	32904.88982296656	89235.41427813386	0.0
5.0	0.5	50	1.0	0.00077032492	0.00392618934390481	83377.52789655206	143107.93879143847	4548.980129475362
5.0	0.5	50	0.5	0.00038516246	0.00392618934390481	157237.09203384406	218692.76534140183	55113.3990523831
5.0	0.5	50	0.1	7.7032492e-05	0.00392618934390481	433756.22219005076	497710.43714536674	312894.59226371633
5.0	0.5	20	2.0	0.0015406498	0.00392618934390481	52870.35591429977	171436.96720459216	0.0
5.0	0.5	20	1.0	0.00077032492	0.00392618934390481	142118.5372518098	270865.39880314743	5119.072064857806
5.0	0.5	20	0.5	0.00038516246	0.00392618934390481	270166.51651862875	404284.7257954892	76832.5343130639
5.0	0.5	20	0.1	7.7032492e-05	0.00392618934390481	799913.8477869683	942626.9318718544	546936.9666097461
5.0	0.3	200	2.0	0.0010638069	0.007039027600948817	49837.39461576946	57424.40552412568	0.0
5.0	0.3	200	1.0	0.00053190344	0.007039027600948817	87377.08135889506	95017.66033234187	23855.115198843192
5.0	0.3	200	0.5	0.00026595172	0.007039027600948817	134783.84039451508	142449.7604017468	68542.84955294202
5.0	0.3	200	0.1	5.3190344e-05	0.007039027600948817	227244.48675321924	234932.980595343	159324.74629883308
5.0	0.3	100	2.0	0.0010638069	0.007039027600948817	89597.99357917067	104462.0790603764	0.0
5.0	0.3	100	1.0	0.00053190344	0.007039027600948817	154822.45941121934	169786.3212758966	36216.57635404131
5.0	0.3	100	0.5	0.00026595172	0.007039027600948817	239230.93150966355	254245.28538497022	113784.92367341415
5.0	0.3	100	0.1	5.3190344e-05	0.007039027600948817	419523.79123897024	434588.89978484233	289499.8661943119
5.0	0.3	50	2.0	0.0010638069	0.007039027600948817	156892.43493600222	185696.38787216396	0.0
5.0	0.3	50	1.0	0.00053190344	0.007039027600948817	265517.1476753112	294535.11320824793	50917.83862268271
5.0	0.3	50	0.5	0.00026595172	0.007039027600948817	408061.403778843	437195.5065492303	176686.0834966832
5.0	0.3	50	0.1	5.3190344e-05	0.007039027600948817	750491.9127221495	779763.1056157729	506428.159122298
5.0	0.3	20	2.0	0.0010638069	0.007039027600948817	311481.02119312336	378738.1975165165	0.0
5.0	0.3	20	1.0	0.00053190344	0.007039027600948817	510213.9439188149	578166.0093769976	70272.2092849869
5.0	0.3	20	0.5	0.00026595172	0.007039027600948817	771228.7096056762	839595.100008031	280209.33900711086
5.0	0.3	20	0.1	5.3190344e-05	0.007039027600948817	1519530.5800513779	1588503.3944133641	980561.1037825691
5.0	0.1	200	2.0	0.00047577015	0.02470552584662665	314255.62097200745	284671.189886854	74704.34736178313
5.0	0.1	200	1.0	0.00023788507	0.02470552584662665	377489.41569693486	347923.45231310854	136661.63900521485
5.0	0.1	200	0.5	0.00011894254	0.02470552584662665	426993.8347654454	397441.55649246054	185833.648421426
5.0	0.1	200	0.1	2.3788507e-05	0.02470552584662665	508222.0222498136	478691.46393783315	266866.2241642568
5.0	0.1	100	2.0	0.00047577015	0.02470552584662665	600898.6187367627	542102.3927425054	134595.37543818462
5.0	0.1	100	1.0	0.00023788507	0.02470552584662665	722735.9542511937	663987.8003633596	253480.11334177575
5.0	0.1	100	0.5	0.00011894254	0.02470552584662665	819387.1135807398	760673.0035262626	349357.57255769346
5.0	0.1	100	0.1	2.3788507e-05	0.02470552584662665	982055.5337015525	923393.8424585299	511534.3439064793
5.0	0.1	50	2.0	0.00047577015	0.02470552584662665	1132728.1283898645	1016291.2669471293	234434.4215542291
5.0	0.1	50	1.0	0.00023788507	0.02470552584662665	1363533.8396905821	1247193.8245529642	457507.5481520042
5.0	0.1	50	0.5	0.00011894254	0.02470552584662665	1549921.8199634242	1433649.6800869198	641627.3223255702
5.0	0.1	50	0.1	2.3788507e-05	0.02470552584662665	1875100.9207229817	1758931.085564852	965021.00353467
5.0	0.1	20	2.0	0.00047577015	0.02470552584662665	2546693.177772901	2260499.711798525	452809.9557903197
5.0	0.1	20	1.0	0.00023788507	0.02470552584662665	3065114.787241834	2779083.0270613	940611.3210296766
5.0	0.1	20	0.5	0.00011894254	0.02470552584662665	3497368.21937657	3211456.680971657	1362179.3803418803
5.0	0.1	20	0.1	2.3788507e-05	0.02470552584662665	4304657.506430265	4018927.999615801	2159225.0752805914
10.0	1.0	200	2.0	0.0079228001	0.005834294943112898	0.0	3555.000913363241	0.0
10.0	1.0	200	1.0	0.0039614001	0.005834294943112898	8363.101590873592	23871.423571079235	0.0
10.0	1.0	200	0.5	0.0019807	0.005834294943112898	35623.990573829025	52651.24184732834	0.0
10.0	1.0	200	0.1	0.00039614001	0.005834294943112898	174212.14613688478	192334.52988390584	79021.97125663175
10.0	1.0	100	2.0	0.0079228001	0.005834294943112898	0.0	5214.650380513521	0.0
10.0	1.0	100	1.0	0.0039614001	0.005834294943112898	13276.710043692561	41550.93386603939	0.0
10.0	1.0	100	0.5	0.0019807	0.005834294943112898	62159.67205632062	94311.08308965861	0.0
10.0	1.0	100	0.1	0.00039614001	0.005834294943112898	314327.5393340096	349329.3180966934	134442.11162583582
10.0	1.0	50	2.0	0.0079228001	0.005834294943112898	0.0	7053.979496327709	0.0
10.0	1.0	50	1.0	0.0039614001	0.005834294943112898	19645.616210398577	69092.79897200446	0.0
10.0	1.0	50	0.5	0.0019807	0.005834294943112898	103539.65726741191	162647.22213906547	0.0
10.0	1.0	50	0.1	0.00039614001	0.005834294943112898	547438.3188257818	613944.8678015898	216464.38762181057
10.0	1.0	20	2.0	0.0079228001	0.005834294943112898	0.0	9253.947988206366	0.0
10.0	1.0	20	1.0	0.0039614001	0.005834294943112898	29051.401591147045	123139.30168823485	0.0
10.0	1.0	20	0.5	0.0019807	0.005834294943112898	185068.7302422604	309166.2337436784	0.0
10.0	1.0	20	0.1	0.00039614001	0.005834294943112898	1065076.557905956	1214994.3028480422	364324.01019225176
10.0	0.7	200	2.0	0.0061319876	0.00877039577307746	8718.81617000532	12816.434502909755	0.0
10.0	0.7	200	1.0	0.0030659938	0.00877039577307746	37678.76176568445	42304.68807050668	0.0
10.0	0.7	200	0.5	0.0015329969	0.00877039577307746	82835.62811913092	87610.96551865047	0.0
10.0	0.7	200	0.1	0.00030659938	0.00877039577307746	288499.2662707429	293411.3869206605	140400.05369631515
10.0	0.7	100	2.0	0.0061319876	0.00877039577307746	14259.203010536874	21769.769598968356	0.0
10.0	0.7	100	1.0	0.0030659938	0.00877039577307746	67166.23884157838	76007.42980622035	0.0
10.0	0.7	100	0.5	0.0015329969	0.00877039577307746	149382.4129026131	158587.8513676393	0.0
10.0	0.7	100	0.1	0.00030659938	0.00877039577307746	529840.1923855325	539399.2131478772	248189.33448951808
10.0	0.7	50	2.0	0.0061319876	0.00877039577307746	21995.135764914292	35256.44370611906	0.0
10.0	0.7	50	1.0	0.0030659938	0.00877039577307746	115304.89408916686	131831.21102606758	0.0
10.0	0.7	50	0.5	0.0015329969	0.00877039577307746	260050.9523044562	277478.89200739824	0.0
10.0	0.7	50	0.1	0.00030659938	0.00877039577307746	944503.5091351144	962876.8052906595	419481.2511447151
10.0	0.7	20	2.0	0.0061319876	0.00877039577307746	34965.22455087857	60705.46228474217	0.0
10.0	0.7	20	1.0	0.0030659938	0.00877039577307746	218459.25398281415	254404.5475002409	0.0
10.0	0.7	20	0.5	0.0015329969	0.00877039577307746	506737.36386107	545743.277617548	0.0
10.0	0.7	20	0.1	0.00030659938	0.00877039577307746	1910379.0178344666	1952968.4841134155	763665.5530853788
10.0	0.5	200	2.0	0.004806443	0.012883167732742192	38417.10714025793	28381.509878136967	0.0
10.0	0.5	200	1.0	0.0024032215	0.012883167732742192	84814.50559704693	74438.06663297203	0.0
10.0	0.5	200	0.5	0.0012016107	0.012883167732742192	161313.7009713836	150809.02762145363	0.0
10.0	0.5	200	0.1	0.00024032215	0.012883167732742192	419298.7321309789	408699.2679822533	200317.52751812094
10.0	0.5	100	2.0	0.004806443	0.012883167732742192	70355.70434269584	50931.706167579054	0.0
10.0	0.5	100	1.0	0.0024032215	0.012883167732742192	155826.81686307988	135633.94230273596	0.0
10.0	0.5	100	0.5	0.0012016107	0.012883167732742192	294377.4915651514	273894.5589983671	0.0
10.0	0.5	100	0.1	0.00024032215	0.012883167732742192	783515.0546241082	762784.8003456432	365672.16490043525
10.0	0.5	50	2.0	0.004806443	0.012883167732742192	125517.5622472865	88573.86610101142	0.0
10.0	0.5	50	1.0	0.0024032215	0.012883167732742192	278544.09434490686	239827.9915922509	0.0
10.0	0.5	50	0.5	0.0012016107	0.012883167732742192	521355.74657504127	481938.21429116174	0.0
10.0	0.5	50	0.1	0.00024032215	0.012883167732742192	1430703.757922925	1390544.0016536736	645868.5798917975
10.0	0.5	20	2.0	0.004806443	0.012883167732742192	256274.04859743887	173002.56175507436	0.0
10.0	0.5	20	1.0	0.0024032215	0.012883167732742192	570986.6751684049	481921.36037421273	0.0
10.0	0.5	20	0.5	0.0012016107	0.012883167732742192	1053026.19760967	961445.3131502894	0.0
10.0	0.5	20	0.1	0.00024032215	0.012883167732742192	3017039.9847531994	2922091.2139608036	1268892.5779125213
10.0	0.3	200	2.0	0.0033081666	0.023097452851887756	127278.45288169279	84585.54651212017	0.0
10.0	0.3	200	1.0	0.0016540833	0.023097452851887756	235492.01785949417	192622.16212873734	0.0
10.0	0.3	200	0.5	0.00082704164	0.023097452851887756	382541.5313640004	339689.1982605784	23829.75742425127
10.0	0.3	200	0.1	0.00016540833	0.023097452851887756	658554.7412089846	615805.8176515267	280628.31450804474
10.0	0.3	100	2.0	0.0033081666	0.023097452851887756	240471.02801174336	156410.84128702045	0.0
10.0	0.3	100	1.0	0.0016540833	0.023097452851887756	437774.7714284173	353448.9900958811	0.0
10.0	0.3	100	0.5	0.00082704164	0.023097452851887756	709900.4347549218	625652.195188636	36490.67914338594
10.0	0.3	100	0.1	0.00016540833	0.023097452851887756	1254569.6400046893	1170530.974469002	529459.0770527642
10.0	0.3	50	2.0	0.0033081666	0.023097452851887756	447119.4917619221	283312.76747137646	0.0
10.0	0.3	50	1.0	0.0016540833	0.023097452851887756	797431.5031477006	633055.4694322268	0.0
10.0	0.3	50	0.5	0.00082704164	0.023097452851887756	1287077.631350449	1122745.997104057	51599.538736856724
10.0	0.3	50	0.1	0.00016540833	0.023097452851887756	2353431.160191768	2189217.391593786	977939.9017632746
10.0	0.3	20	2.0	0.0033081666	0.023097452851887756	986277.1534323615	595680.017629632	0.0
10.0	0.3	20	1.0	0.0016540833	0.023097452851887756	1698290.58797607	1304881.2745657729	0.0
10.0	0.3	20	0.5	0.00082704164	0.023097452851887756	2705103.3881953987	2310455.9756114334	71311.86531357656
10.0	0.3	20	0.1	0.00016540833	0.023097452851887756	5229964.576730044	4833453.415123924	2096104.302410643
10.0	0.1	200	2.0	0.0014537534	0.08106726536299354	853202.2634530747	650899.3700351673	0.0
10.0	0.1	200	1.0	0.00072687668	0.08106726536299354	1047149.4696001253	845433.5137412819	72692.19468150771
10.0	0.1	200	0.5	0.00036343834	0.08106726536299354	1198558.1438193005	997236.8286222401	219848.72045613645
10.0	0.1	200	0.1	7.2687668e-05	0.08106726536299354	1444535.315025134	1243751.592053799	464507.97161426884
10.0	0.1	100	2.0	0.0014537534	0.08106726536299354	1655153.5019821364	1256425.1168978538	0.0
10.0	0.1	100	1.0	0.00072687668	0.08106726536299354	2034277.1419276567	1636678.6178420759	133197.79947897713
10.0	0.1	100	0.5	0.00036343834	0.08106726536299354	2332526.0999911446	1935644.062321204	419569.7254073315
10.0	0.1	100	0.1	7.2687668e-05	0.08106726536299354	2824070.7578724725	2428121.9627307085	905989.291715923
10.0	0.1	50	2.0	0.0014537534	0.08106726536299354	3186022.7249432886	2399799.65765254	0.0
10.0	0.1	50	1.0	0.00072687668	0.08106726536299354	3922426.273343798	3137919.6153787263	236453.0478356606
10.0	0.1	50	0.5	0.00036343834	0.08106726536299354	4507740.04760019	3724285.9158904883	786968.0079483358
10.0	0.1	50	0.1	7.2687668e-05	0.08106726536299354	5492115.220883246	4709994.662559379	1752283.9328783292
10.0	0.1	20	2.0	0.0014537534	0.08106726536299354	7458582.7043208955	5525775.385706024	0.0
10.0	0.1	20	1.0	0.00072687668	0.08106726536299354	9200875.178129477	7270034.546978303	471868.36392342614
10.0	0.1	20	0.5	0.00036343834	0.08106726536299354	10611120.737620695	8681538.209444363	1739723.9594071428
10.0	0.1	20	0.1	7.2687668e-05	0.08106726536299354	13076166.155029539	11148197.738642069	4113987.175143977
25.0	1.0	200	2.0	0.030992078	0.028065401036459305	0.0	0.0	0.0
25.0	1.0	200	1.0	0.015496039	0.028065401036459305	52999.6639620151	0.0	0.0
25.0	1.0	200	0.5	0.0077480194	0.028065401036459305	147355.59134901513	32775.71457422296	0.0
25.0	1.0	200	0.1	0.0015496039	0.028065401036459305	702538.1032310332	587509.9886459311	0.0
25.0	1.0	100	2.0	0.030992078	0.028065401036459305	0.0	0.0	0.0
25.0	1.0	100	1.0	0.015496039	0.028065401036459305	98974.66493407247	0.0	0.0
25.0	1.0	100	0.5	0.0077480194	0.028065401036459305	278410.95421474974	58150.782730847095	0.0
25.0	1.0	100	0.1	0.0015496039	0.028065401036459305	1313984.153475461	1092106.5490376442	0.0
25.0	1.0	50	2.0	0.030992078	0.028065401036459305	0.0	0.0	0.0
25.0	1.0	50	1.0	0.015496039	0.028065401036459305	180974.86955480892	0.0	0.0
25.0	1.0	50	0.5	0.0077480194	0.028065401036459305	516693.17810621596	99244.04015641137	0.0
25.0	1.0	50	0.1	0.0015496039	0.028065401036459305	2418052.3960889657	1990645.731140393	0.0
25.0	1.0	20	2.0	0.030992078	0.028065401036459305	0.0	0.0	0.0
25.0	1.0	20	1.0	0.015496039	0.028065401036459305	383630.42720994685	0.0	0.0
25.0	1.0	20	0.5	0.0077480194	0.028065401036459305	1127295.9944982924	185304.2867320189	0.0
25.0	1.0	20	0.1	0.0015496039	0.028065401036459305	5267464.971446976	4252352.03992076	0.0
25.0	0.7	200	2.0	0.023865415	0.04218927514291139	54676.046668413175	0.0	0.0
25.0	0.7	200	1.0	0.011932707	0.04218927514291139	151867.7388082561	0.0	0.0
25.0	0.7	200	0.5	0.0059663536	0.04218927514291139	316638.8421124047	121667.80065335495	0.0
25.0	0.7	200	0.1	0.0011932707	0.04218927514291139	1165034.3372223864	975282.8830146666	0.0
25.0	0.7	100	2.0	0.023865415	0.04218927514291139	103565.66201578894	0.0	0.0
25.0	0.7	100	1.0	0.011932707	0.04218927514291139	289705.6274631568	0.0	0.0
25.0	0.7	100	0.5	0.0059663536	0.04218927514291139	599562.4179883971	223091.91131274117	0.0
25.0	0.7	100	0.1	0.0011932707	0.04218927514291139	2202441.245362432	1835814.0130471955	0.0
25.0	0.7	50	2.0	0.023865415	0.04218927514291139	193698.63422053546	0.0	0.0
25.0	0.7	50	1.0	0.011932707	0.04218927514291139	545268.0049097084	0.0	0.0
25.0	0.7	50	0.5	0.0059663536	0.04218927514291139	1116739.8829608883	396882.28180705267	0.0
25.0	0.7	50	0.1	0.0011932707	0.04218927514291139	4117598.5000078995	3407357.701451919	0.0
25.0	0.7	20	2.0	0.023865415	0.04218927514291139	428915.90047290083	0.0	0.0
25.0	0.7	20	1.0	0.011932707	0.04218927514291139	1220268.678354512	0.0	0.0
25.0	0.7	20	0.5	0.0059663536	0.04218927514291139	2468521.4667888186	800663.6860407352	0.0
25.0	0.7	20	0.1	0.0011932707	0.04218927514291139	9219497.328762084	7512563.9292493835	0.0
25.0	0.5	200	2.0	0.018550177	0.061973429962809724	151753.24593323632	0.0	0.0
25.0	0.5	200	1.0	0.0092750886	0.061973429962809724	316296.12118800683	16107.508598870805	0.0
25.0	0.5	200	0.5	0.0046375443	0.061973429962809724	628157.7602847157	325655.5075190312	0.0
25.0	0.5	200	0.1	0.00092750886	0.061973429962809724	1684623.5207975076	1392146.803157493	29008.305241848102
25.0	0.5	100	2.0	0.018550177	0.061973429962809724	292886.57535186945	0.0	0.0
25.0	0.5	100	1.0	0.0092750886	0.061973429962809724	604474.4416874462	26258.500064780015	0.0
25.0	0.5	100	0.5	0.0046375443	0.061973429962809724	1183134.3805433528	599659.1300219571	0.0
25.0	0.5	100	0.1	0.00092750886	0.061973429962809724	3222704.8771719	2656396.183651744	49683.18447124518
25.0	0.5	50	2.0	0.018550177	0.061973429962809724	559892.6266416213	0.0	0.0
25.0	0.5	50	1.0	0.0092750886	0.061973429962809724	1140402.84514039	40218.43467062442	0.0
25.0	0.5	50	0.5	0.0046375443	0.061973429962809724	2196231.456505338	1075857.7547163481	0.0
25.0	0.5	50	0.1	0.00092750886	0.061973429962809724	6123281.145057935	5021659.087151565	80568.46203763792
25.0	0.5	20	2.0	0.018550177	0.061973429962809724	1291128.389785462	0.0	0.0
25.0	0.5	20	1.0	0.0092750886	0.061973429962809724	2579523.6578868288	62785.13119122486	0.0
25.0	0.5	20	0.5	0.0046375443	0.061973429962809724	4860991.730839934	2219972.850908353	0.0
25.0	0.5	20	0.1	0.00092750886	0.061973429962809724	14087015.307448814	11420692.198506992	136806.0496715811
25.0	0.3	200	2.0	0.012511717	0.11110841730313199	463395.6256390193	0.0	0.0
25.0	0.3	200	1.0	0.0062558587	0.11110841730313199	921523.9195870428	328320.8087983301	0.0
25.0	0.3	200	0.5	0.0031279293	0.11110841730313199	1547098.3666888888	966754.3289711606	0.0
25.0	0.3	200	0.1	0.00062558587	0.11110841730313199	2643873.8318861565	2076091.1636441627	239267.40136881778
25.0	0.3	100	2.0	0.012511717	0.11110841730313199	893231.5814445412	0.0	0.0
25.0	0.3	100	1.0	0.0062558587	0.11110841730313199	1748827.51865278	604772.5113981763	0.0
25.0	0.3	100	0.5	0.0031279293	0.11110841730313199	2941325.878763304	1820101.2495620693	0.0
25.0	0.3	100	0.1	0.00062558587	0.11110841730313199	5125189.485942144	4022029.0761025404	458349.2775954089
25.0	0.3	50	2.0	0.012511717	0.11110841730313199	1706274.197042229	0.0	0.0
25.0	0.3	50	1.0	0.0062558587	0.11110841730313199	3284811.314389114	1085058.393835464	0.0
25.0	0.3	50	0.5	0.0031279293	0.11110841730313199	5544822.968952244	3372054.574603104	0.0
25.0	0.3	50	0.1	0.00062558587	0.11110841730313199	9902265.232075017	7746773.610032183	864141.769374718
25.0	0.3	20	2.0	0.012511717	0.11110841730313199	3959606.9685710324	0.0	0.0
25.0	0.3	20	1.0	0.0062558587	0.11110841730313199	7443071.3088533515	2233957.941117565	0.0
25.0	0.3	20	0.5	0.0031279293	0.11110841730313199	12612600.91020967	7383805.607671461	0.0
25.0	0.3	20	0.1	0.00062558587	0.11110841730313199	20000000.0	18171202.740744676	1931252.7813972142
25.0	0.1	200	2.0	0.0050715927	0.3899674828793541	3440750.754001479	989228.6867328065	0.0
25.0	0.1	200	1.0	0.0025357963	0.3899674828793541	4218186.683359709	1781887.6952304097	0.0
25.0	0.1	200	0.5	0.0012678982	0.3899674828793541	4831065.212371964	2403876.9184269737	0.0
25.0	0.1	200	0.1	0.00025357963	0.3899674828793541	5819186.119108523	3402847.123508113	809674.2126561492
25.0	0.1	100	2.0	0.0050715927	0.3899674828793541	6735752.291041041	1930932.1394286472	0.0
25.0	0.1	100	1.0	0.0025357963	0.3899674828793541	8279801.370083754	3494746.1811193214	0.0
25.0	0.1	100	0.5	0.0012678982	0.3899674828793541	9499001.410393994	4725477.520458536	0.0
25.0	0.1	100	0.1	0.00025357963	0.3899674828793541	11475490.577641413	6715225.904711452	1594899.223573298
25.0	0.1	50	2.0	0.0050715927	0.3899674828793541	13184778.178070711	3740676.6863598004	0.0
25.0	0.1	50	1.0	0.0025357963	0.3899674828793541	16244580.379726106	6816598.851999218	0.0
25.0	0.1	50	0.5	0.0012678982	0.3899674828793541	18665713.49405217	9248525.580788307	0.0
25.0	0.1	50	0.1	0.00025357963	0.3899674828793541	20000000.0	13217866.74505193	3127267.8347934918
25.0	0.1	20	2.0	0.0050715927	0.3899674828793541	20000000.0	8827058.62014773	0.0
25.0	0.1	20	1.0	0.0025357963	0.3899674828793541	20000000.0	16298017.30433402	0.0
25.0	0.1	20	0.5	0.0012678982	0.3899674828793541	20000000.0	20000000.0	0.0
25.0	0.1	20	0.1	0.00025357963	0.3899674828793541	20000000.0	20000000.0	7551087.950138504
50.0	1.0	200	2.0	0.069470266	0.09209216300296398	52795.87013150057	0.0	0.0
50.0	1.0	200	1.0	0.034735133	0.09209216300296398	224817.7692855892	0.0	0.0
50.0	1.0	200	0.5	0.017367566	0.09209216300296398	504043.8341301754	0.0	0.0
50.0	1.0	200	0.1	0.0034735133	0.09209216300296398	2262104.0024109716	1436030.1493888637	0.0
50.0	1.0	100	2.0	0.069470266	0.09209216300296398	100854.95204970971	0.0	0.0
50.0	1.0	100	1.0	0.034735133	0.09209216300296398	432505.51678206306	0.0	0.0
50.0	1.0	100	0.5	0.017367566	0.09209216300296398	956464.7776895455	0.0	0.0
50.0	1.0	100	0.1	0.0034735133	0.09209216300296398	4225289.582328082	2667728.0885683135	0.0
50.0	1.0	50	2.0	0.069470266	0.09209216300296398	190172.52884784137	0.0	0.0
50.0	1.0	50	1.0	0.034735133	0.09209216300296398	820866.4121771344	0.0	0.0
50.0	1.0	50	0.5	0.017367566	0.09209216300296398	1789922.8395995263	0.0	0.0
50.0	1.0	50	0.1	0.0034735133	0.09209216300296398	7876383.145808585	4906411.396172039	0.0
50.0	1.0	20	2.0	0.069470266	0.09209216300296398	427275.03623175365	0.0	0.0
50.0	1.0	20	1.0	0.034735133	0.09209216300296398	1869835.2513616192	0.0	0.0
50.0	1.0	20	0.5	0.017367566	0.09209216300296398	4026785.774082039	0.0	0.0
50.0	1.0	20	0.1	0.0034735133	0.09209216300296398	17884025.175129537	10809805.23255814	0.0
50.0	0.7	200	2.0	0.052690513	0.1384374161762574	233212.57201358804	0.0	0.0
50.0	0.7	200	1.0	0.026345256	0.1384374161762574	517085.51363501506	0.0	0.0
50.0	0.7	200	0.5	0.013172628	0.1384374161762574	1069963.2866703686	0.0	0.0
50.0	0.7	200	0.1	0.0026345256	0.1384374161762574	3579101.200991447	2280416.726029349	0.0
50.0	0.7	100	2.0	0.052690513	0.1384374161762574	452386.71876274765	0.0	0.0
50.0	0.7	100	1.0	0.026345256	0.1384374161762574	988980.1466192609	0.0	0.0
50.0	0.7	100	0.5	0.013172628	0.1384374161762574	2005185.8008073855	0.0	0.0
50.0	0.7	100	0.1	0.0026345256	0.1384374161762574	6816958.49709888	4347497.697333191	0.0
50.0	0.7	50	2.0	0.052690513	0.1384374161762574	868514.5415232411	0.0	0.0
50.0	0.7	50	1.0	0.026345256	0.1384374161762574	1869439.327923993	0.0	0.0
50.0	0.7	50	0.5	0.013172628	0.1384374161762574	3723533.894144366	0.0	0.0
50.0	0.7	50	0.1	0.0026345256	0.1384374161762574	13001642.84452075	8247037.5228798045	0.0
50.0	0.7	20	2.0	0.052690513	0.1384374161762574	2020599.3558224326	0.0	0.0
50.0	0.7	20	1.0	0.026345256	0.1384374161762574	4276592.36087067	0.0	0.0
50.0	0.7	20	0.5	0.013172628	0.1384374161762574	8375050.793050025	0.0	0.0
50.0	0.7	20	0.1	0.0026345256	0.1384374161762574	20000000.0	19007707.153144505	0.0
50.0	0.5	200	2.0	0.040124638	0.20335598292622342	518005.6141399904	0.0	0.0
50.0	0.5	200	1.0	0.020062319	0.20335598292622342	1072513.4894101017	0.0	0.0
50.0	0.5	200	0.5	0.010031159	0.20335598292622342	2162213.4503543745	0.0	0.0
50.0	0.5	200	0.1	0.0020062319	0.20335598292622342	5060761.005064907	3031575.9205626813	0.0
50.0	0.5	100	2.0	0.040124638	0.20335598292622342	999491.5099304492	0.0	0.0
50.0	0.5	100	1.0	0.020062319	0.20335598292622342	2027686.182810819	0.0	0.0
50.0	0.5	100	0.5	0.010031159	0.20335598292622342	4044261.0179195446	0.0	0.0
50.0	0.5	100	0.1	0.0020062319	0.20335598292622342	9770071.693927867	5875873.14675335	0.0
50.0	0.5	50	2.0	0.040124638	0.20335598292622342	1910490.0603452458	0.0	0.0
50.0	0.5	50	1.0	0.020062319	0.20335598292622342	3803575.4924049447	0.0	0.0
50.0	0.5	50	0.5	0.010031159	0.20335598292622342	7542111.576877992	0.0	0.0
50.0	0.5	50	0.1	0.0020062319	0.20335598292622342	18897756.058607187	11344803.621914877	0.0
50.0	0.5	20	2.0	0.040124638	0.20335598292622342	4451726.145383254	0.0	0.0
50.0	0.5	20	1.0	0.020062319	0.20335598292622342	8690029.153771902	0.0	0.0
50.0	0.5	20	0.5	0.010031159	0.20335598292622342	17150461.470016677	0.0	0.0
50.0	0.5	20	0.1	0.0020062319	0.20335598292622342	20000000.0	20000000.0	0.0
50.0	0.3	200	2.0	0.025913758	0.3645846522552401	1641499.8963283168	0.0	0.0
50.0	0.3	200	1.0	0.012956879	0.3645846522552401	3253482.8393091513	0.0	0.0
50.0	0.3	200	0.5	0.0064784395	0.3645846522552401	5005221.056762003	1093232.8323182657	0.0
50.0	0.3	200	0.1	0.0012956879	0.3645846522552401	7861375.229048252	4038576.4508928573	0.0
50.0	0.3	100	2.0	0.025913758	0.3645846522552401	3116456.142806789	0.0	0.0
50.0	0.3	100	1.0	0.012956879	0.3645846522552401	6169348.068884928	0.0	0.0
50.0	0.3	100	0.5	0.0064784395	0.3645846522552401	9628768.942772722	2094994.0398786305	0.0
50.0	0.3	100	0.1	0.0012956879	0.3645846522552401	15364167.64575298	7920208.16460545	0.0
50.0	0.3	50	2.0	0.025913758	0.3645846522552401	5898214.572708483	0.0	0.0
50.0	0.3	50	1.0	0.012956879	0.3645846522552401	11708068.306460742	0.0	0.0
50.0	0.3	50	0.5	0.0064784395	0.3645846522552401	18552777.588317797	3961101.2526096045	0.0
50.0	0.3	50	0.1	0.0012956879	0.3645846522552401	20000000.0	15491044.093981333	0.0
50.0	0.3	20	2.0	0.025913758	0.3645846522552401	13727166.085449897	0.0	0.0
50.0	0.3	20	1.0	0.012956879	0.3645846522552401	20000000.0	0.0	0.0
50.0	0.3	20	0.5	0.0064784395	0.3645846522552401	20000000.0	8948363.05732484	0.0
50.0	0.3	20	0.1	0.0012956879	0.3645846522552401	20000000.0	20000000.0	0.0
50.0	0.1	200	2.0	0.0090669543	1.2796164555969496	11153830.567027228	322147.72344013496	0.0
50.0	0.1	200	1.0	0.0045334772	1.2796164555969496	13128704.02405306	2341894.615956225	0.0
50.0	0.1	200	0.5	0.0022667386	1.2796164555969496	14697149.207332486	3936842.434852872	0.0
50.0	0.1	200	0.1	0.00045334772	1.2796164555969496	17213496.784106668	6483067.230557513	1100550.7913804757
50.0	0.1	100	2.0	0.0090669543	1.2796164555969496	20000000.0	625759.5708040802	0.0
50.0	0.1	100	1.0	0.0045334772	1.2796164555969496	20000000.0	4610712.797221481	0.0
50.0	0.1	100	0.5	0.0022667386	1.2796164555969496	20000000.0	7769152.711988792	0.0
50.0	0.1	100	0.1	0.00045334772	1.2796164555969496	20000000.0	12833764.094362255	2175246.4137117304
50.0	0.1	50	2.0	0.0090669543	1.2796164555969496	20000000.0	1202102.547523601	0.0
50.0	0.1	50	1.0	0.0045334772	1.2796164555969496	20000000.0	9050363.52832431	0.0
50.0	0.1	50	0.5	0.0022667386	1.2796164555969496	20000000.0	15308239.719687955	0.0
50.0	0.1	50	0.1	0.00045334772	1.2796164555969496	20000000.0	20000000.0	4285095.588235294
50.0	0.1	20	2.0	0.0090669543	1.2796164555969496	20000000.0	2788801.2422360266	0.0
50.0	0.1	20	1.0	0.0045334772	1.2796164555969496	20000000.0	20000000.0	0.0
50.0	0.1	20	0.5	0.0022667386	1.2796164555969496	20000000.0	20000000.0	0.0
50.0	0.1	20	0.1	0.00045334772	1.2796164555969496	20000000.0	20000000.0	10449879.5543511
